iter,global_step,episode_return,mean_step_reward,optimized_episode_return,optimized_mean_step_reward,reward_shift,episode_return_gap_to_zero,mean_step_reward_gap_to_zero,episode_return_delta_from_start,mean_step_reward_delta_from_start,pursuer_target_distance,capture,task_score,eval_mean_return,eval_mean_step_reward,eval_optimized_mean_return,eval_optimized_mean_step_reward,eval_mean_episode_length,eval_pursuer_target_distance,eval_capture,eval_task_score,eval_return_gap_to_zero,eval_return_delta_from_start,episodes_completed,policy_loss,value_loss,entropy,total_loss,grad_norm,actor_grad_norm,critic_grad_norm,approx_kl,clipfrac,explained_variance,mean_ratio_epoch0,entropy_coef,lr,seed,alpha,env_alpha,capture_rate
0,3200,-809.2447576522827,-8.092447853088379,-809.2447576522827,-8.092447853088379,0.0,809.2447576522827,8.092447853088379,0.0,0.0,3.975212087631226,0.0,0.0,-804.6624808311462,-8.046624808311462,-804.6624808311462,-8.046624808311462,100.0,2.9469254006817938,0.0,0.0,804.6624808311462,0.0,32,-0.0019705728496418828,0.6692997097969056,1.6058932900428773,0.3166203498840332,0.04285132400691509,0.04285132400691509,0.2061042882502079,0.0033998997023445554,0.013678124884609132,-0.48147130012512207,1.0,0.01,0.0007,0,0.75,0.75,0.0
1,6400,-810.3359107971191,-8.103358564376832,-810.3359107971191,-8.103358564376832,0.0,810.3359107971191,8.103358564376832,-1.0911531448364258,-0.010910711288453001,3.736357612609863,0.0,0.0,nan,nan,nan,nan,nan,nan,nan,nan,nan,nan,64,-0.0021850088211238018,0.45102248787879945,1.603515088558197,0.20731420516967775,0.04181291200220585,0.04181291200220585,0.26180298179388045,0.0036838023166637867,0.020015625027008356,0.12751078605651855,1.0,0.009985576923076923,0.0006988942307692308,0,0.75,0.75,0.0
2,9600,-919.4375629425049,-9.194375476837159,-919.4375629425049,-9.194375476837159,0.0,919.4375629425049,9.194375476837159,-110.19280529022217,-1.1019276237487805,4.705297040939331,0.0,0.0,nan,nan,nan,nan,nan,nan,nan,nan,nan,nan,96,-0.001558938721101555,0.458255335688591,1.5962211847305299,0.21165255904197694,0.03325902484357357,0.03325902484357357,0.30301961600780486,0.0023298227482882795,0.011746874888194725,0.35292476415634155,1.0,0.009971153846153847,0.0006977884615384615,0,0.75,0.75,0.0
3,12800,-876.162275314331,-8.761623182296752,-876.162275314331,-8.761623182296752,0.0,876.162275314331,8.761623182296752,-66.91751766204834,-0.6691753292083735,4.572573566436768,0.0,0.0,nan,nan,nan,nan,nan,nan,nan,nan,nan,nan,128,-0.0011822874507515734,0.4723049372434616,1.5954888701438903,0.21908432990312576,0.029736570455133914,0.029736570455133914,0.31038217693567277,0.0016388221192755736,0.00813750009983778,0.3732415437698364,1.0,0.00995673076923077,0.0006966826923076923,0,0.75,0.75,0.0
4,16000,-792.3986358642578,-7.9239864253997805,-792.3986358642578,-7.9239864253997805,0.0,792.3986358642578,7.9239864253997805,16.846121788024902,0.16846142768859806,4.12136757850647,0.0,0.0,nan,nan,nan,nan,nan,nan,nan,nan,nan,nan,160,-0.001190289115975629,0.29004177153110505,1.5923375010490417,0.12799908518791198,0.0337629159912467,0.0337629159912467,0.24323477894067763,0.001990056096474291,0.007721875072456896,0.5960068702697754,1.0,0.009942307692307693,0.0006955769230769231,0,0.75,0.75,0.0
5,19200,-858.2344388961792,-8.58234468460083,-858.2344388961792,-8.58234468460083,0.0,858.2344388961792,8.58234468460083,-48.989681243896484,-0.48989683151245167,4.659588518142701,0.0,0.0,nan,nan,nan,nan,nan,nan,nan,nan,nan,nan,192,-0.001639380970690496,0.3939430475234985,1.5780715942382812,0.1796652302145958,0.03940454851835966,0.03940454851835966,0.31595747768878935,0.0025189242638589348,0.018012500010081568,0.4692770838737488,1.0,0.009927884615384616,0.0006944711538461538,0,0.75,0.75,0.0
6,22400,-813.0943222045898,-8.130943212509155,-813.0943222045898,-8.130943212509155,0.0,813.0943222045898,8.130943212509155,-3.849564552307129,-0.038495359420776865,3.965018801689148,0.0,0.0,nan,nan,nan,nan,nan,nan,nan,nan,nan,nan,224,-0.0015677474970232197,0.32866325676441194,1.5729307174682616,0.14717069417238235,0.04655927140265703,0.04655927140265703,0.2684333294630051,0.0029241800744784995,0.017131249920930715,0.5686140060424805,1.0,0.00991346153846154,0.0006933653846153846,0,0.75,0.75,0.0
7,25600,-816.3242692947388,-8.163242654800415,-816.3242692947388,-8.163242654800415,0.0,816.3242692947388,8.163242654800415,-7.079511642456055,-0.07079480171203656,4.505407266616821,0.0,0.0,nan,nan,nan,nan,nan,nan,nan,nan,nan,nan,256,-0.0019178472797150904,0.2721664682030678,1.5758525729179382,0.11856595873832702,0.043000124767422675,0.043000124767422675,0.2572023183107376,0.002812650473060785,0.02648437499301508,0.629636287689209,1.0,0.009899038461538463,0.0006922596153846154,0,0.75,0.75,0.0
8,28800,-790.5465812683105,-7.905465798377991,-790.5465812683105,-7.905465798377991,0.0,790.5465812683105,7.905465798377991,18.698176383972168,0.18698205471038776,4.135098161697388,0.0,0.0,nan,nan,nan,nan,nan,nan,nan,nan,nan,nan,288,-0.0011312440268344659,0.25250509232282636,1.5854702711105346,0.10944953709840774,0.03594676330685616,0.03594676330685616,0.2569656386971474,0.0020559876051265747,0.013140625087544322,0.603725016117096,1.0,0.009884615384615384,0.0006911538461538461,0,0.75,0.75,0.0
9,32000,-802.347713470459,-8.02347686290741,-802.347713470459,-8.02347686290741,0.0,802.347713470459,8.02347686290741,6.8970441818237305,0.06897099018096853,3.895197420120239,0.0,0.0,nan,nan,nan,nan,nan,nan,nan,nan,nan,nan,320,-0.001430142325191852,0.28914553821086886,1.58723304271698,0.1274763338267803,0.043729836493730544,0.043729836493730544,0.2627270981669426,0.0019550711440388113,0.010318750038277359,0.528357744216919,1.0,0.009870192307692307,0.0006900480769230769,0,0.75,0.75,0.0
10,35200,-705.741602897644,-7.057416281700134,-705.741602897644,-7.057416281700134,0.0,705.741602897644,7.057416281700134,103.50315475463867,1.0350315713882443,3.609625895023346,0.0,0.0,nan,nan,nan,nan,nan,nan,nan,nan,nan,nan,352,-0.0016626529983710726,0.14211623892188072,1.5886349439620973,0.053738246113061904,0.044690029695630074,0.044690029695630074,0.20502741932868956,0.0024615461952635087,0.018087500380352138,0.7438526749610901,1.0,0.00985576923076923,0.0006889423076923077,0,0.75,0.75,0.0
11,38400,-832.8418045043945,-8.328418292999267,-832.8418045043945,-8.328418292999267,0.0,832.8418045043945,8.328418292999267,-23.597046852111816,-0.23597043991088817,4.747293667793274,0.0,0.0,nan,nan,nan,nan,nan,nan,nan,nan,nan,nan,384,-0.0008401692249719872,0.3176356017589569,1.5839350700378418,0.14238957539200783,0.032865178771317005,0.032865178771317005,0.27205963879823686,0.0014672790239274036,0.005528124910779297,0.5362684726715088,1.0,0.009841346153846154,0.0006878365384615384,0,0.75,0.75,0.0
12,41600,-856.4788570404053,-8.564788808822632,-856.4788570404053,-8.564788808822632,0.0,856.4788570404053,8.564788808822632,-47.23409938812256,-0.4723409557342535,4.35552659034729,0.0,0.0,nan,nan,nan,nan,nan,nan,nan,nan,nan,nan,416,-0.0018692536966060658,0.262474912405014,1.5898712277412415,0.11374465972185135,0.05935058742761612,0.05935058742761612,0.2835366725921631,0.003117958310758695,0.02742187509429641,0.5640852451324463,1.0,0.009826923076923077,0.0006867307692307692,0,0.75,0.75,0.0
13,44800,-841.6447238922119,-8.416447124481202,-841.6447238922119,-8.416447124481202,0.0,841.6447238922119,8.416447124481202,-32.3999662399292,-0.3239992713928235,3.9703399252891542,0.0,0.0,nan,nan,nan,nan,nan,nan,nan,nan,nan,nan,448,-0.0013042176824527019,0.2419063150882721,1.5822466731071472,0.10412314608693123,0.046193181350827214,0.046193181350827214,0.29855438619852065,0.0022776192919991443,0.017084375116974117,0.6020610332489014,1.0,0.0098125,0.000685625,0,0.75,0.75,0.0
14,48000,-884.0224866867065,-8.840224294662475,-884.0224866867065,-8.840224294662475,0.0,884.0224866867065,8.840224294662475,-74.77772903442383,-0.7477764415740964,4.7317841386795045,0.0,0.0,nan,nan,nan,nan,nan,nan,nan,nan,nan,nan,480,-0.001751062066678344,0.31834942400455474,1.5866000056266785,0.14187801703810693,0.05197489634156227,0.05197489634156227,0.3390445336699486,0.0027836023291456513,0.021381249488331377,0.6653139591217041,1.0,0.009798076923076923,0.0006845192307692307,0,0.75,0.75,0.0
15,51200,-857.9673480987549,-8.579673776626587,-857.9673480987549,-8.579673776626587,0.0,857.9673480987549,8.579673776626587,-48.72259044647217,-0.48722592353820815,4.632894153594971,0.0,0.0,nan,nan,nan,nan,nan,nan,nan,nan,nan,nan,512,-0.001164960448036112,0.2553112655878067,1.5800650119781494,0.11103186309337616,0.03987339697778225,0.03987339697778225,0.2926647111773491,0.0019363240513484924,0.013353124912828206,0.6444720029830933,1.0,0.009783653846153846,0.0006834134615384615,0,0.75,0.75,0.0
16,54400,-900.2108583450317,-9.002108697891236,-900.2108583450317,-9.002108697891236,0.0,900.2108583450317,9.002108697891236,-90.96610069274902,-0.9096608448028576,5.013999614715576,0.0,0.0,nan,nan,nan,nan,nan,nan,nan,nan,nan,nan,544,-0.0011023353698320193,0.29974216520786284,1.5861361622810364,0.1332734204828739,0.03126388415694237,0.03126388415694237,0.34176700562238693,0.0018371375634160358,0.0077437500294763595,0.517257809638977,1.0,0.00976923076923077,0.0006823076923076923,0,0.75,0.75,0.0
17,57600,-862.0575542449951,-8.620575637817383,-862.0575542449951,-8.620575637817383,0.0,862.0575542449951,8.620575637817383,-52.8127965927124,-0.5281277847290049,4.599144806861878,0.0,0.0,nan,nan,nan,nan,nan,nan,nan,nan,nan,nan,576,-0.0010763391164424264,0.20946708768606187,1.5821780443191529,0.08822336196899414,0.03061508610844612,0.03061508610844612,0.3030833438038826,0.001800257783543202,0.0065999998827464875,0.5991238355636597,1.0,0.009754807692307693,0.000681201923076923,0,0.75,0.75,0.0
18,60800,-844.6666278839111,-8.446666259765625,-844.6666278839111,-8.446666259765625,0.0,844.6666278839111,8.446666259765625,-35.42187023162842,-0.354218406677246,4.342578482627869,0.0,0.0,nan,nan,nan,nan,nan,nan,nan,nan,nan,nan,608,-0.0013108984989812279,0.17090568393468858,1.5715003728866577,0.0688349261879921,0.04440281838178635,0.04440281838178635,0.2525542348623276,0.002102206308336463,0.012665624998044222,0.7358475923538208,1.0,0.009740384615384616,0.0006800961538461538,0,0.75,0.75,0.0
19,64000,-845.4184436798096,-8.454184713363647,-845.4184436798096,-8.454184713363647,0.0,845.4184436798096,8.454184713363647,-36.173686027526855,-0.3617368602752684,4.083963060379029,0.0,0.0,nan,nan,nan,nan,nan,nan,nan,nan,nan,nan,640,-0.0025241611080247138,0.18164700865745545,1.5571743965148925,0.07315432280302048,0.06371210031211376,0.06371210031211376,0.2671745106577873,0.0034153388638515025,0.028106249496340753,0.6414843201637268,1.0,0.00972596153846154,0.0006789903846153847,0,0.75,0.75,0.0
20,67200,-863.5577173233032,-8.635577049255371,-863.5577173233032,-8.635577049255371,0.0,863.5577173233032,8.635577049255371,-54.31295967102051,-0.5431291961669924,4.203504991531372,0.0,0.0,-907.7947752475739,-9.077947752475739,-907.7947752475739,-9.077947752475739,100.0,5.312364591360092,0.0,0.0,907.7947752475739,-103.13229441642761,672,-0.0010742165581348218,0.1766469210386276,1.5502320289611817,0.07219410687685013,0.03814730960875749,0.03814730960875749,0.27763376086950303,0.0019093000388238578,0.013406249694526196,0.6732270121574402,1.0,0.009711538461538462,0.0006778846153846154,0,0.75,0.75,0.0
21,70400,-853.9651575088501,-8.539651126861573,-853.9651575088501,-8.539651126861573,0.0,853.9651575088501,8.539651126861573,-44.72039985656738,-0.44720327377319435,3.9079291129112246,0.0,0.0,nan,nan,nan,nan,nan,nan,nan,nan,nan,nan,704,-0.001736885392212173,0.15198868587613107,1.5600929260253906,0.05912905782461166,0.04102863073348999,0.04102863073348999,0.2499389760196209,0.0020633094689401334,0.014543750084703789,0.754224956035614,1.0,0.009697115384615386,0.0006767788461538462,0,0.75,0.75,0.0
22,73600,-880.2617816925049,-8.802617597579957,-880.2617816925049,-8.802617597579957,0.0,880.2617816925049,8.802617597579957,-71.01702404022217,-0.7101697444915782,4.305531458854675,0.0,0.0,nan,nan,nan,nan,nan,nan,nan,nan,nan,nan,736,-0.0014484500478154417,0.18261736929416655,1.5464941263198853,0.07488600835204125,0.056656161323189735,0.056656161323189735,0.2755150578916073,0.0020895036330330187,0.017025000182911754,0.578049898147583,1.0,0.009682692307692307,0.000675673076923077,0,0.75,0.75,0.0
23,76800,-881.6582021713257,-8.816581792831421,-881.6582021713257,-8.816581792831421,0.0,881.6582021713257,8.816581792831421,-72.41344451904297,-0.7241339397430426,5.13334333896637,0.0,0.0,nan,nan,nan,nan,nan,nan,nan,nan,nan,nan,768,-0.0015997546645117211,0.16544849276542664,1.5313807129859924,0.06631869338452816,0.05728204362094402,0.05728204362094402,0.27812066972255706,0.0036012604949064555,0.031574999820441006,0.7665742039680481,1.0,0.00966826923076923,0.0006745673076923077,0,0.75,0.75,0.0
24,80000,-823.6970643997192,-8.236970348358154,-823.6970643997192,-8.236970348358154,0.0,823.6970643997192,8.236970348358154,-14.452306747436523,-0.14452249526977567,4.2970532083511355,0.0,0.0,nan,nan,nan,nan,nan,nan,nan,nan,nan,nan,800,-0.0012086508305742428,0.13258877545595169,1.5271104097366333,0.05034324787557125,0.047169579565525054,0.047169579565525054,0.26058302670717237,0.002525041060289368,0.011124999948515324,0.7014833688735962,1.0,0.009653846153846153,0.0006734615384615385,0,0.75,0.75,0.0
25,83200,-812.7352876663208,-8.127352304458618,-812.7352876663208,-8.127352304458618,0.0,812.7352876663208,8.127352304458618,-3.490530014038086,-0.0349044513702399,4.198650941848755,0.0,0.0,nan,nan,nan,nan,nan,nan,nan,nan,nan,nan,832,-0.0012482415720356244,0.10012290552258492,1.5468904972076416,0.033902079053223136,0.03767956141382456,0.03767956141382456,0.22806406691670417,0.0020163694171060342,0.010396874975413084,0.773367166519165,1.0,0.009639423076923077,0.0006723557692307693,0,0.75,0.75,0.0
26,86400,-832.979733467102,-8.329797105789185,-832.979733467102,-8.329797105789185,0.0,832.979733467102,8.329797105789185,-23.734975814819336,-0.2373492527008061,4.599851546287536,0.0,0.0,nan,nan,nan,nan,nan,nan,nan,nan,nan,nan,864,-0.0011525838822651125,0.12752163261175156,1.5496148347854615,0.047693189978599546,0.03475148379802704,0.03475148379802704,0.2533448852598667,0.0015273025659553242,0.006190624961163849,0.5400228500366211,1.0,0.009625,0.00067125,0,0.75,0.75,0.0
27,89600,-803.6237955093384,-8.036238179206848,-803.6237955093384,-8.036238179206848,0.0,803.6237955093384,8.036238179206848,5.620962142944336,0.056209673881530975,4.4035105752944945,0.0,0.0,nan,nan,nan,nan,nan,nan,nan,nan,nan,nan,896,-0.0014742027394937906,0.09625619873404503,1.54965660572052,0.031760803610086444,0.04348738268017769,0.04348738268017769,0.23431550338864326,0.0020258530268620232,0.013806249730987475,0.7103750705718994,1.0,0.009610576923076923,0.0006701442307692308,0,0.75,0.75,0.0
28,92800,-812.2697315216064,-8.122697372436523,-812.2697315216064,-8.122697372436523,0.0,812.2697315216064,8.122697372436523,-3.0249738693237305,-0.03024951934814446,4.25240170955658,0.0,0.0,nan,nan,nan,nan,nan,nan,nan,nan,nan,nan,928,-0.0014403877092988183,0.07154196985065937,1.558690619468689,0.019373161531984807,0.0436556201428175,0.0436556201428175,0.2145215466618538,0.0028589095934876243,0.023546874642488547,0.7262006998062134,1.0,0.009596153846153846,0.0006690384615384616,0,0.75,0.75,0.0
29,96000,-827.3621425628662,-8.273621492385864,-827.3621425628662,-8.273621492385864,0.0,827.3621425628662,8.273621492385864,-18.117384910583496,-0.18117363929748542,4.339202961921692,0.0,0.0,nan,nan,nan,nan,nan,nan,nan,nan,nan,nan,960,-0.001214041915314823,0.11264388039708137,1.5641626119613647,0.040120513178408146,0.03774953447282314,0.03774953447282314,0.2208704374730587,0.0023590499033161903,0.019968750164844097,0.6481194496154785,1.0,0.00958173076923077,0.0006679326923076923,0,0.75,0.75,0.0
30,99200,-828.019829750061,-8.280198011398316,-828.019829750061,-8.280198011398316,0.0,828.019829750061,8.280198011398316,-18.77507209777832,-0.18775015830993702,4.035401623249054,0.0,0.0,nan,nan,nan,nan,nan,nan,nan,nan,nan,nan,992,-0.001047601670908449,0.0926713153719902,1.568801176548004,0.030278852581977843,0.039315036684274676,0.039315036684274676,0.23589613363146783,0.0017326993569440675,0.009818750130943955,0.6878113746643066,1.0,0.009567307692307693,0.0006668269230769231,0,0.75,0.75,0.0
31,102400,-861.1552057266235,-8.611551961898805,-861.1552057266235,-8.611551961898805,0.0,861.1552057266235,8.611551961898805,-51.91044807434082,-0.519104108810426,4.367965989112854,0.0,0.0,nan,nan,nan,nan,nan,nan,nan,nan,nan,nan,1024,-0.0010335016681231935,0.08551985695958138,1.5705856800079345,0.02672280240803957,0.035662373155355455,0.035662373155355455,0.24577661380171775,0.002057803873321973,0.015428125124890358,0.743644118309021,1.0,0.009552884615384616,0.0006657211538461539,0,0.75,0.75,0.0
32,105600,-810.9432077407837,-8.109431705474854,-810.9432077407837,-8.109431705474854,0.0,810.9432077407837,8.109431705474854,-1.6984500885009766,-0.016983852386475817,3.964035291671753,0.0,0.0,nan,nan,nan,nan,nan,nan,nan,nan,nan,nan,1056,-0.0019303939303846108,0.053413372859358786,1.5795641899108888,0.009709680080413818,0.05986045077443123,0.05986045077443123,0.19208129197359086,0.002754937098507071,0.020568750455277042,0.8281897902488708,1.0,0.009538461538461539,0.0006646153846153846,0,0.75,0.75,0.0
33,108800,-821.0808687210083,-8.210808753967285,-821.0808687210083,-8.210808753967285,0.0,821.0808687210083,8.210808753967285,-11.836111068725586,-0.1183609008789066,4.342629475593567,0.0,0.0,nan,nan,nan,nan,nan,nan,nan,nan,nan,nan,1088,-0.001328504086995963,0.07070798017084598,1.571679151058197,0.01905675381422043,0.047795611619949344,0.047795611619949344,0.24206390008330345,0.00223591671383474,0.019306249788496644,0.7439008951187134,1.0,0.009524038461538462,0.0006635096153846154,0,0.75,0.75,0.0
34,112000,-834.0251045227051,-8.340250921249389,-834.0251045227051,-8.340250921249389,0.0,834.0251045227051,8.340250921249389,-24.780346870422363,-0.2478030681610104,3.9322073101997375,0.0,0.0,nan,nan,nan,nan,nan,nan,nan,nan,nan,nan,1120,-0.0015596827311554762,0.05530488602817059,1.56880943775177,0.01117398589849472,0.043956504017114637,0.043956504017114637,0.19965470880270003,0.0026228039161651394,0.01588749997317791,0.807799756526947,1.0,0.009509615384615385,0.0006624038461538462,0,0.75,0.75,0.0
35,115200,-788.5825471878052,-7.885825290679931,-788.5825471878052,-7.885825290679931,0.0,788.5825471878052,7.885825290679931,20.66221046447754,0.20662256240844723,3.1251391649246214,0.0,0.0,nan,nan,nan,nan,nan,nan,nan,nan,nan,nan,1152,-0.001138590641447479,0.03606270719319582,1.567500638961792,0.0020090429112315177,0.04145072884857655,0.04145072884857655,0.17988667003810405,0.0017255448270589112,0.010528124927077442,0.860519289970398,1.0,0.009495192307692309,0.0006612980769230769,0,0.75,0.75,0.0
36,118400,-848.6390590667725,-8.486390562057496,-848.6390590667725,-8.486390562057496,0.0,848.6390590667725,8.486390562057496,-39.394301414489746,-0.3939427089691172,4.081047291755676,0.0,0.0,nan,nan,nan,nan,nan,nan,nan,nan,nan,nan,1184,-0.0015422280497499941,0.06438399106264114,1.5442753672599792,0.0160088493488729,0.058341128006577495,0.058341128006577495,0.20417416617274284,0.002892831979988841,0.01574999953591032,0.6395957469940186,1.0,0.00948076923076923,0.0006601923076923077,0,0.75,0.75,0.0
37,121600,-803.5333309173584,-8.03533314704895,-803.5333309173584,-8.03533314704895,0.0,803.5333309173584,8.03533314704895,5.711426734924316,0.05711470603942814,4.21616042137146,0.0,0.0,nan,nan,nan,nan,nan,nan,nan,nan,nan,nan,1216,-0.001707950157625504,0.03509850725531578,1.5577586054801942,0.0010950211435556412,0.052937762811779976,0.052937762811779976,0.19152444452047349,0.002460113049164647,0.019015624932944775,0.8278336524963379,1.0,0.009466346153846153,0.0006590865384615385,0,0.75,0.75,0.0
38,124800,-839.0111436843872,-8.390111513137818,-839.0111436843872,-8.390111513137818,0.0,839.0111436843872,8.390111513137818,-29.766386032104492,-0.2976636600494391,4.685989508628845,0.0,0.0,nan,nan,nan,nan,nan,nan,nan,nan,nan,nan,1248,-0.0015221136844600913,0.06666764244437218,1.5373102664947509,0.01728116925805807,0.044394819810986516,0.044394819810986516,0.21478215456008912,0.0023148088170273696,0.01918125031515956,0.6110657453536987,1.0,0.009451923076923077,0.0006579807692307692,0,0.75,0.75,0.0
39,128000,-886.9652862548828,-8.86965253829956,-886.9652862548828,-8.86965253829956,0.0,886.9652862548828,8.86965253829956,-77.7205286026001,-0.7772046852111814,4.756185674667359,0.0,0.0,nan,nan,nan,nan,nan,nan,nan,nan,nan,nan,1280,-0.0010748492614366168,0.043403827026486395,1.5343868851661682,0.006146288942545652,0.04688267037272453,0.04688267037272453,0.1927872709929943,0.0015697894195909612,0.008790624979883432,0.8057733178138733,1.0,0.0094375,0.000656875,0,0.75,0.75,0.0
40,131200,-856.2469062805176,-8.562469158172608,-856.2469062805176,-8.562469158172608,0.0,856.2469062805176,8.562469158172608,-47.00214862823486,-0.470021305084229,4.455203294754028,0.0,0.0,-822.5411672592163,-8.225411672592163,-822.5411672592163,-8.225411672592163,100.0,3.982527346611023,0.0,0.0,822.5411672592163,-17.87868642807007,1312,-0.0018887242959113593,0.036840451695024964,1.5155077219009399,0.002250755298882723,0.05947207659482956,0.05947207659482956,0.18063432052731515,0.0032825252623297275,0.029993749997447593,0.774329423904419,1.0,0.009423076923076923,0.0006557692307692308,0,0.75,0.75,0.0
41,134400,-772.2322330474854,-7.722322344779968,-772.2322330474854,-7.722322344779968,0.0,772.2322330474854,7.722322344779968,37.01252460479736,0.3701255083084103,3.8244017219543456,0.0,0.0,nan,nan,nan,nan,nan,nan,nan,nan,nan,nan,1344,-0.0012212063422076369,0.02289591943845153,1.5360989451408387,-0.0042258698493242266,0.05103131160140038,0.05103131160140038,0.1389690265059471,0.0030349130829563364,0.02516250020125881,0.8386682271957397,1.0,0.009408653846153846,0.0006546634615384615,0,0.75,0.75,0.0
42,137600,-853.1610994338989,-8.531610946655274,-853.1610994338989,-8.531610946655274,0.0,853.1610994338989,8.531610946655274,-43.91634178161621,-0.4391630935668953,3.823705337047577,0.0,0.0,nan,nan,nan,nan,nan,nan,nan,nan,nan,nan,1376,-0.0016254797445842684,0.04039178099483252,1.5038973689079285,0.0044424526393413545,0.0579423900693655,0.0579423900693655,0.17074424400925636,0.00279240188683616,0.026303124788682908,0.7383576035499573,1.0,0.00939423076923077,0.0006535576923076923,0,0.75,0.75,0.0
43,140800,-809.1520366668701,-8.091520376205445,-809.1520366668701,-8.091520376205445,0.0,809.1520366668701,8.091520376205445,0.09272098541259766,0.0009274768829339308,4.443412671089172,0.0,0.0,nan,nan,nan,nan,nan,nan,nan,nan,nan,nan,1408,-0.001150911916780828,0.023999620974063874,1.5080131530761718,-0.0032959748059511185,0.04298758767545223,0.04298758767545223,0.12580741196870804,0.002496926920139231,0.014809374895412475,0.874305248260498,1.0,0.009379807692307692,0.000652451923076923,0,0.75,0.75,0.0
44,144000,-884.5591897964478,-8.8455917263031,-884.5591897964478,-8.8455917263031,0.0,884.5591897964478,8.8455917263031,-75.31443214416504,-0.7531438732147215,4.820663275718689,0.0,0.0,nan,nan,nan,nan,nan,nan,nan,nan,nan,nan,1440,-0.0011211789959808983,0.030409326404333116,1.4944188714027404,8.767666295170785e-05,0.037768030911684035,0.037768030911684035,0.17052878066897392,0.0010837115754839034,0.006028125097509473,0.8857371807098389,1.0,0.009365384615384616,0.0006513461538461538,0,0.75,0.75,0.0
45,147200,-785.015606880188,-7.85015609741211,-785.015606880188,-7.85015609741211,0.0,785.015606880188,7.85015609741211,24.229150772094727,0.24229175567626893,4.114323711395263,0.0,0.0,nan,nan,nan,nan,nan,nan,nan,nan,nan,nan,1472,-0.001716582679993195,0.02215876607224345,1.5209704875946044,-0.004859735490754247,0.04896757267415523,0.04896757267415523,0.15897538065910338,0.002832295035477728,0.023256249935366215,0.8752386569976807,1.0,0.009350961538461539,0.0006502403846153846,0,0.75,0.75,0.0
46,150400,-852.5859832763672,-8.525860242843628,-852.5859832763672,-8.525860242843628,0.0,852.5859832763672,8.525860242843628,-43.34122562408447,-0.4334123897552491,4.115544581413269,0.0,0.0,nan,nan,nan,nan,nan,nan,nan,nan,nan,nan,1504,-0.0015546397146302127,0.03254787586629391,1.5228931427001953,0.0005007477477192879,0.04522592686116696,0.04522592686116696,0.15631424449384212,0.0023129855806473644,0.017468749976251273,0.7884475588798523,1.0,0.009336538461538462,0.0006491346153846153,0,0.75,0.75,0.0
47,153600,-821.3917560577393,-8.213917713165284,-821.3917560577393,-8.213917713165284,0.0,821.3917560577393,8.213917713165284,-12.146998405456543,-0.12146986007690508,4.523727879524231,0.0,0.0,nan,nan,nan,nan,nan,nan,nan,nan,nan,nan,1536,-0.00117444509409248,0.01795203611254692,1.5172196865081786,-0.006342123681679368,0.04703468419611454,0.04703468419611454,0.13077206239104272,0.0016627145938400644,0.008315625065006316,0.9134214520454407,1.0,0.009322115384615385,0.0006480288461538461,0,0.75,0.75,0.0
48,156800,-866.5924854278564,-8.66592448234558,-866.5924854278564,-8.66592448234558,0.0,866.5924854278564,8.66592448234558,-57.34772777557373,-0.5734766292572022,4.0580442428588865,0.0,0.0,nan,nan,nan,nan,nan,nan,nan,nan,nan,nan,1568,-0.0013321406551636745,0.02291590142995119,1.5320262670516969,-0.004133819788694382,0.04880891367793083,0.04880891367793083,0.13547038696706296,0.002279172315320466,0.01639687493443489,0.8661161661148071,1.0,0.009307692307692308,0.0006469230769230769,0,0.75,0.75,0.0
49,160000,-825.5618143081665,-8.255618133544921,-825.5618143081665,-8.255618133544921,0.0,825.5618143081665,8.255618133544921,-16.31705665588379,-0.16317028045654247,4.100982942581177,0.0,0.0,nan,nan,nan,nan,nan,nan,nan,nan,nan,nan,1600,-0.0016660190076101644,0.027858250960707664,1.5234185338020325,-0.0018944323528558016,0.05517200715839863,0.05517200715839863,0.18143605962395667,0.002576930882059969,0.020771875377977266,0.6986781358718872,1.0,0.009293269230769232,0.0006458173076923076,0,0.75,0.75,0.0
50,163200,-850.7517433166504,-8.507517118453979,-850.7517433166504,-8.507517118453979,0.0,850.7517433166504,8.507517118453979,-41.506985664367676,-0.4150692653656005,4.407701134681702,0.0,0.0,nan,nan,nan,nan,nan,nan,nan,nan,nan,nan,1632,-0.001053097425063676,0.02317478824406862,1.5127480626106262,-0.003502259775996208,0.03818255700170994,0.03818255700170994,0.16050030738115312,0.002001319092232734,0.010218749777413905,0.8215588927268982,1.0,0.009278846153846153,0.0006447115384615384,0,0.75,0.75,0.0
51,166400,-847.8690013885498,-8.478689823150635,-847.8690013885498,-8.478689823150635,0.0,847.8690013885498,8.478689823150635,-38.62424373626709,-0.38624197006225636,4.771105456352234,0.0,0.0,nan,nan,nan,nan,nan,nan,nan,nan,nan,nan,1664,-0.0016014274352230018,0.020084007177501917,1.5038901209831237,-0.005492098908871412,0.050530868396162984,0.050530868396162984,0.1282157465815544,0.0027953561504546086,0.024443750194041058,0.8179711103439331,1.0,0.009264423076923076,0.0006436057692307693,0,0.75,0.75,0.0
52,169600,-874.9941186904907,-8.74994131088257,-874.9941186904907,-8.74994131088257,0.0,874.9941186904907,8.74994131088257,-65.74936103820801,-0.6574934577941907,4.560406670570374,0.0,0.0,nan,nan,nan,nan,nan,nan,nan,nan,nan,nan,1696,-0.0012363950019413038,0.015456296410411597,1.509959840774536,-0.007475375523790717,0.0464688915759325,0.0464688915759325,0.11887408792972565,0.0015507012634770946,0.009646875003090827,0.8788095116615295,1.0,0.00925,0.0006425,0,0.75,0.75,0.0
53,172800,-845.378210067749,-8.453781700134277,-845.378210067749,-8.453781700134277,0.0,845.378210067749,8.453781700134277,-36.13345241546631,-0.36133384704589844,3.917209224700928,0.0,0.0,nan,nan,nan,nan,nan,nan,nan,nan,nan,nan,1728,-0.0011532496867236119,0.014689790178090334,1.497729527950287,-0.007640750566497445,0.04238436315208673,0.04238436315208673,0.12189876735210418,0.0021200891060288996,0.013940624898532405,0.889359712600708,1.0,0.009235576923076923,0.0006413942307692308,0,0.75,0.75,0.0
54,176000,-805.2789249420166,-8.052788958549499,-805.2789249420166,-8.052788958549499,0.0,805.2789249420166,8.052788958549499,3.9658327102661133,0.03965889453887961,4.135341033935547,0.0,0.0,nan,nan,nan,nan,nan,nan,nan,nan,nan,nan,1760,-0.0012929698592983208,0.02475682143121958,1.4946678757667542,-0.0026971220970153807,0.04737578965723514,0.04737578965723514,0.16749812476336956,0.0019911654555471612,0.008090625095064752,0.7637126445770264,1.0,0.009221153846153846,0.0006402884615384616,0,0.75,0.75,0.0
55,179200,-804.173131942749,-8.04173135280609,-804.173131942749,-8.04173135280609,0.0,804.173131942749,8.04173135280609,5.071625709533691,0.050716500282288024,4.199047055244446,0.0,0.0,nan,nan,nan,nan,nan,nan,nan,nan,nan,nan,1792,-0.0014006789473350878,0.009065381484106183,1.5026034474372865,-0.010702053550630808,0.04744672775268555,0.04744672775268555,0.08765369430184364,0.002676557269296609,0.02334374994970858,0.9069832563400269,1.0,0.00920673076923077,0.0006391826923076923,0,0.75,0.75,0.0
56,182400,-761.821343421936,-7.618213567733765,-761.821343421936,-7.618213567733765,0.0,761.821343421936,7.618213567733765,47.42341423034668,0.47423428535461376,3.6168796396255494,0.0,0.0,nan,nan,nan,nan,nan,nan,nan,nan,nan,nan,1824,-0.0018684079225640637,0.0137861886061728,1.5141467332839966,-0.008893816033378243,0.06744122505187988,0.06744122505187988,0.11125005520880223,0.0036266069684643297,0.0371312499162741,0.8969530463218689,1.0,0.009192307692307692,0.0006380769230769231,0,0.75,0.75,0.0
57,185600,-842.4017887115479,-8.424017839431762,-842.4017887115479,-8.424017839431762,0.0,842.4017887115479,8.424017839431762,-33.15703105926514,-0.33156998634338386,4.145441040992737,0.0,0.0,nan,nan,nan,nan,nan,nan,nan,nan,nan,nan,1856,-0.0014513416389700495,0.013342248136177659,1.5135143518447876,-0.008671078272163868,0.05194416306912899,0.05194416306912899,0.11023138836026192,0.0032233155099675058,0.029406250547617675,0.861580491065979,1.0,0.009177884615384616,0.0006369711538461539,0,0.75,0.75,0.0
58,188800,-826.6651821136475,-8.266651840209962,-826.6651821136475,-8.266651840209962,0.0,826.6651821136475,8.266651840209962,-17.420424461364746,-0.17420398712158303,4.20550271987915,0.0,0.0,nan,nan,nan,nan,nan,nan,nan,nan,nan,nan,1888,-0.0010634397151879859,0.014648341946303845,1.5210445523262024,-0.00767730213701725,0.03518300782889128,0.03518300782889128,0.11449155285954475,0.0020839047341723927,0.011081249959170236,0.8592075109481812,1.0,0.009163461538461539,0.0006358653846153846,0,0.75,0.75,0.0
59,192000,-744.3475027084351,-7.443475408554077,-744.3475027084351,-7.443475408554077,0.0,744.3475027084351,7.443475408554077,64.89725494384766,0.6489724445343015,3.6767572736740113,0.0,0.0,nan,nan,nan,nan,nan,nan,nan,nan,nan,nan,1920,-0.0011469451575423228,0.015238557755947114,1.5216399312019349,-0.007449208106845617,0.04800256937742233,0.04800256937742233,0.11989754736423493,0.0018980278440722032,0.013081250077448203,0.7991424202919006,1.0,0.009149038461538462,0.0006347596153846154,0,0.75,0.75,0.0
60,195200,-879.5700664520264,-8.795700721740722,-879.5700664520264,-8.795700721740722,0.0,879.5700664520264,8.795700721740722,-70.32530879974365,-0.7032528686523438,4.485131769180298,0.0,0.0,-816.932195186615,-8.16932195186615,-816.932195186615,-8.16932195186615,100.0,3.6084638094902037,0.0,0.0,816.932195186615,-12.26971435546875,1952,-0.0011897676912255406,0.01594147477298975,1.5489127159118652,-0.007367752771824598,0.05539262183010578,0.05539262183010578,0.11557532250881195,0.003550861582334619,0.03012812522938475,0.8145115375518799,1.0,0.009134615384615385,0.0006336538461538462,0,0.75,0.75,0.0
61,198400,-783.2529420852661,-7.832529449462891,-783.2529420852661,-7.832529449462891,0.0,783.2529420852661,7.832529449462891,25.9918155670166,0.25991840362548757,4.011873679161072,0.0,0.0,nan,nan,nan,nan,nan,nan,nan,nan,nan,nan,1984,-0.0012712996895861473,0.008806526847183704,1.566550350189209,-0.011155276885256171,0.06265592239797116,0.06265592239797116,0.08718119859695435,0.002824009829782881,0.025503124902024867,0.9220442771911621,1.0,0.009120192307692308,0.0006325480769230769,0,0.75,0.75,0.0
62,201600,-794.5042743682861,-7.945043249130249,-794.5042743682861,-7.945043249130249,0.0,794.5042743682861,7.945043249130249,14.740483283996582,0.1474046039581296,3.773972415924072,0.0,0.0,nan,nan,nan,nan,nan,nan,nan,nan,nan,nan,2016,-0.0008621944477839816,0.016296363528817893,1.5678105711936952,-0.006990133319050074,0.03917109631001949,0.03917109631001949,0.10625976845622062,0.0021728817504481413,0.012634375132620335,0.856657862663269,1.0,0.009105769230769232,0.0006314423076923077,0,0.75,0.75,0.0
63,204800,-789.9926424026489,-7.899926629066467,-789.9926424026489,-7.899926629066467,0.0,789.9926424026489,7.899926629066467,19.25211524963379,0.1925212240219114,4.225851883888245,0.0,0.0,nan,nan,nan,nan,nan,nan,nan,nan,nan,nan,2048,-0.0010113559620163915,0.013530738791450858,1.5615020155906678,-0.008442142233252525,0.041307228803634646,0.041307228803634646,0.09727141484618188,0.0017206871183589102,0.006184374948497861,0.856004536151886,1.0,0.009091346153846155,0.0006303365384615385,0,0.75,0.75,0.0
64,208000,-813.380672454834,-8.133806552886963,-813.380672454834,-8.133806552886963,0.0,813.380672454834,8.133806552886963,-4.1359148025512695,-0.0413586997985842,4.274948387145996,0.0,0.0,nan,nan,nan,nan,nan,nan,nan,nan,nan,nan,2080,-0.0011453941577463434,0.020000347308814524,1.571709966659546,-0.005411511519923806,0.04161295257508755,0.04161295257508755,0.12112095281481743,0.002121157758665504,0.010815625119357719,0.7508627772331238,1.0,0.009076923076923076,0.0006292307692307692,0,0.75,0.75,0.0
65,211200,-814.937502861023,-8.149375276565552,-814.937502861023,-8.149375276565552,0.0,814.937502861023,8.149375276565552,-5.692745208740234,-0.05692742347717328,4.0998298454284665,0.0,0.0,nan,nan,nan,nan,nan,nan,nan,nan,nan,nan,2112,-0.0008573169308481732,0.024111922457814218,1.5713925123214723,-0.00304209990426898,0.03183611407876015,0.03183611407876015,0.13345386870205403,0.0016836300761497113,0.004584374907426536,0.7899398803710938,1.0,0.0090625,0.000628125,0,0.75,0.75,0.0
66,214400,-826.9063034057617,-8.269062938690185,-826.9063034057617,-8.269062938690185,0.0,826.9063034057617,8.269062938690185,-17.661545753479004,-0.1766150856018065,4.071260213851929,0.0,0.0,nan,nan,nan,nan,nan,nan,nan,nan,nan,nan,2144,-0.0009144662940562043,0.015036257449537516,1.566149365901947,-0.007566978177055717,0.03907799683511257,0.03907799683511257,0.10879276506602764,0.001091133703084779,0.0026124999538296835,0.796097457408905,1.0,0.009048076923076923,0.0006270192307692308,0,0.75,0.75,0.0
67,217600,-849.5072555541992,-8.495072584152222,-849.5072555541992,-8.495072584152222,0.0,849.5072555541992,8.495072584152222,-40.262497901916504,-0.40262473106384356,4.641572394371033,0.0,0.0,nan,nan,nan,nan,nan,nan,nan,nan,nan,nan,2176,-0.0014836398033657883,0.010029253829270602,1.5619075059890748,-0.010578744718804956,0.04812431819736958,0.04812431819736958,0.09175037555396556,0.002536941035214113,0.01310000023804605,0.8824411630630493,1.0,0.009033653846153846,0.0006259134615384615,0,0.75,0.75,0.0
68,220800,-931.4190168380737,-9.314190216064453,-931.4190168380737,-9.314190216064453,0.0,931.4190168380737,9.314190216064453,-122.17425918579102,-1.2217423629760749,4.79875883102417,0.0,0.0,nan,nan,nan,nan,nan,nan,nan,nan,nan,nan,2208,-0.0009487557050771756,0.01901868060231209,1.5671411633491517,-0.005573822790756822,0.03753440901637077,0.03753440901637077,0.12662617415189742,0.0015933304995996878,0.0065718749538064,0.6891598701477051,1.0,0.009019230769230769,0.0006248076923076923,0,0.75,0.75,0.0
69,224000,-801.3020482063293,-8.013019938468933,-801.3020482063293,-8.013019938468933,0.0,801.3020482063293,8.013019938468933,7.942709445953369,0.07942791461944587,4.257642159461975,0.0,0.0,nan,nan,nan,nan,nan,nan,nan,nan,nan,nan,2240,-0.0012073425612761923,0.01427019750699401,1.5648998618125916,-0.008163866680115461,0.035003024339675906,0.035003024339675906,0.10761274807155133,0.0015681783650506986,0.008721874927869067,0.825048565864563,1.0,0.009004807692307692,0.0006237019230769231,0,0.75,0.75,0.0
70,227200,-847.6710014343262,-8.476709794998168,-847.6710014343262,-8.476709794998168,0.0,847.6710014343262,8.476709794998168,-38.42624378204346,-0.3842619419097897,4.4516194057464595,0.0,0.0,nan,nan,nan,nan,nan,nan,nan,nan,nan,nan,2272,-0.001418529742350838,0.019306012708693743,1.5597188115119933,-0.005787995271384716,0.04841061308979988,0.04841061308979988,0.12134935818612576,0.0022602569952141494,0.015421875239553628,0.7358258366584778,1.0,0.008990384615384615,0.0006225961538461538,0,0.75,0.75,0.0
71,230400,-876.1597356796265,-8.761597490310669,-876.1597356796265,-8.761597490310669,0.0,876.1597356796265,8.761597490310669,-66.91497802734375,-0.66914963722229,4.888834481239319,0.0,0.0,nan,nan,nan,nan,nan,nan,nan,nan,nan,nan,2304,-0.0010900542222195496,0.01444517420604825,1.5700987219810485,-0.007960612326860428,0.05347470641136169,0.05347470641136169,0.11023210547864437,0.0021562338995863685,0.01614374977070838,0.8473756313323975,1.0,0.008975961538461539,0.0006214903846153846,0,0.75,0.75,0.0
72,233600,-770.9732151031494,-7.709732027053833,-770.9732151031494,-7.709732027053833,0.0,770.9732151031494,7.709732027053833,38.2715425491333,0.3827158260345458,3.9430318784713747,0.0,0.0,nan,nan,nan,nan,nan,nan,nan,nan,nan,nan,2336,-0.0013137926688417067,0.00887152417562902,1.5693981647491455,-0.01094225300475955,0.0456546600908041,0.0456546600908041,0.08302903957664967,0.0025360941588587595,0.01620625003706664,0.8746244311332703,1.0,0.008961538461538462,0.0006203846153846154,0,0.75,0.75,0.0
73,236800,-799.5131483078003,-7.9951315593719485,-799.5131483078003,-7.9951315593719485,0.0,799.5131483078003,7.9951315593719485,9.731609344482422,0.09731629371643002,4.123540182113647,0.0,0.0,nan,nan,nan,nan,nan,nan,nan,nan,nan,nan,2368,-0.0012021671328577455,0.010365927405655385,1.5721697807312012,-0.01008558771573007,0.04152438193559647,0.04152438193559647,0.08230274952948094,0.001763587120512966,0.011931250085763168,0.8883489370346069,1.0,0.008947115384615385,0.0006192788461538461,0,0.75,0.75,0.0
74,240000,-810.2916107177734,-8.102916316986084,-810.2916107177734,-8.102916316986084,0.0,810.2916107177734,8.102916316986084,-1.0468530654907227,-0.010468463897705504,4.336166458129883,0.0,0.0,nan,nan,nan,nan,nan,nan,nan,nan,nan,nan,2400,-0.0018770806150976594,0.00826871490571648,1.5637977480888368,-0.011711646942421794,0.058726681768894194,0.058726681768894194,0.08234845995903015,0.003755304428341333,0.034662499789556024,0.8923726677894592,1.0,0.008932692307692308,0.0006181730769230769,0,0.75,0.75,0.0
75,243200,-826.0203046798706,-8.260202980041504,-826.0203046798706,-8.260202980041504,0.0,826.0203046798706,8.260202980041504,-16.77554702758789,-0.167755126953125,4.33074875831604,0.0,0.0,nan,nan,nan,nan,nan,nan,nan,nan,nan,nan,2432,-0.0014229984948527896,0.009298213664442301,1.5620951890945434,-0.010705077787861228,0.048994068428874014,0.048994068428874014,0.0800458114594221,0.0025396293654921464,0.019353125119232574,0.8270452618598938,1.0,0.008918269230769231,0.0006170673076923077,0,0.75,0.75,0.0
76,246400,-795.0132350921631,-7.950132312774659,-795.0132350921631,-7.950132312774659,0.0,795.0132350921631,7.950132312774659,14.231522560119629,0.14231554031371996,3.9451201701164247,0.0,0.0,nan,nan,nan,nan,nan,nan,nan,nan,nan,nan,2464,-0.0010928330014750465,0.013849717006087304,1.5652804374694824,-0.008104990888386964,0.045998428389430045,0.045998428389430045,0.08739790208637714,0.0021871555982215796,0.019178124825339184,0.7675022482872009,1.0,0.008903846153846155,0.0006159615384615384,0,0.75,0.75,0.0
77,249600,-835.2079181671143,-8.352079467773438,-835.2079181671143,-8.352079467773438,0.0,835.2079181671143,8.352079467773438,-25.963160514831543,-0.259631614685059,4.3238289928436275,0.0,0.0,nan,nan,nan,nan,nan,nan,nan,nan,nan,nan,2496,-0.0012353664695168743,0.01352899642661214,1.574149203300476,-0.008464145846664906,0.051035091280937195,0.051035091280937195,0.09527600035071374,0.0019518351298756897,0.014296875102445483,0.689549446105957,1.0,0.008889423076923076,0.0006148557692307692,0,0.75,0.75,0.0
78,252800,-903.1781892776489,-9.03178183555603,-903.1781892776489,-9.03178183555603,0.0,903.1781892776489,9.03178183555603,-93.93343162536621,-0.9393339824676517,4.867531495094299,0.0,0.0,nan,nan,nan,nan,nan,nan,nan,nan,nan,nan,2528,-0.001373881702008628,0.015996628534048797,1.5644421815872191,-0.007259992230683565,0.04841975122690201,0.04841975122690201,0.09198824167251587,0.00246722198498901,0.01901250022929162,0.7508025169372559,1.0,0.008875000000000001,0.00061375,0,0.75,0.75,0.0
79,256000,-846.3963432312012,-8.463963241577149,-846.3963432312012,-8.463963241577149,0.0,846.3963432312012,8.463963241577149,-37.15158557891846,-0.3715153884887705,4.412498922348022,0.0,0.0,nan,nan,nan,nan,nan,nan,nan,nan,nan,nan,2560,-0.001162095632287663,0.016499974764883518,1.5575863242149353,-0.006713221687823534,0.041083612479269505,0.041083612479269505,0.09972957819700241,0.0025378580801771024,0.017093749810010196,0.6996121406555176,1.0,0.008860576923076922,0.0006126442307692307,0,0.75,0.75,0.0
80,259200,-934.1529941558838,-9.341529693603515,-934.1529941558838,-9.341529693603515,0.0,934.1529941558838,9.341529693603515,-124.90823650360107,-1.249081840515137,4.593671426773072,0.0,0.0,-811.5824728012085,-8.115824728012084,-811.5824728012085,-8.115824728012084,100.0,4.842039371728897,0.0,0.0,811.5824728012085,-6.919991970062256,2592,-0.0007183876148225465,0.009045532066375017,1.5541348457336426,-0.009943737043067813,0.03165603000670671,0.03165603000670671,0.07725740857422352,0.001033400209780666,0.0011187500320374965,0.8633638620376587,1.0,0.008846153846153846,0.0006115384615384615,0,0.75,0.75,0.0
81,262400,-790.4114389419556,-7.904114303588867,-790.4114389419556,-7.904114303588867,0.0,790.4114389419556,7.904114303588867,18.83331871032715,0.18833354949951175,3.8447869181632996,0.0,0.0,nan,nan,nan,nan,nan,nan,nan,nan,nan,nan,2624,-0.0009008552272047332,0.008677411451935768,1.5459733128547668,-0.010215769987553358,0.03765043243765831,0.03765043243765831,0.07336064018309116,0.0013923002828960308,0.006278124946402386,0.880721926689148,1.0,0.008831730769230769,0.0006104326923076922,0,0.75,0.75,0.0
82,265600,-803.436845779419,-8.034368476867677,-803.436845779419,-8.034368476867677,0.0,803.436845779419,8.034368476867677,5.8079118728637695,0.05807937622070192,3.6768169140815736,0.0,0.0,nan,nan,nan,nan,nan,nan,nan,nan,nan,nan,2656,-0.0007294606698464267,0.010498227924108506,1.536231815814972,-0.00902577517554164,0.032985367067158225,0.032985367067158225,0.08654594235122204,0.0011779093689256114,0.006684374970791396,0.8101403117179871,1.0,0.008817307692307692,0.000609326923076923,0,0.75,0.75,0.0
83,268800,-758.0074853897095,-7.580074996948242,-758.0074853897095,-7.580074996948242,0.0,758.0074853897095,7.580074996948242,51.23727226257324,0.5123728561401366,3.9437599778175354,0.0,0.0,nan,nan,nan,nan,nan,nan,nan,nan,nan,nan,2688,-0.0014214485664852284,0.007685775961726904,1.5234182596206665,-0.010989035433158278,0.05378974266350269,0.05378974266350269,0.07090884149074554,0.002137704707274679,0.01341874981590081,0.8657260537147522,1.0,0.008802884615384615,0.0006082211538461539,0,0.75,0.75,0.0
84,272000,-860.8950157165527,-8.608950271606446,-860.8950157165527,-8.608950271606446,0.0,860.8950157165527,8.608950271606446,-51.65025806427002,-0.5165024185180673,4.301874628067017,0.0,0.0,nan,nan,nan,nan,nan,nan,nan,nan,nan,nan,2720,-0.0015285614526364898,0.011171616986393929,1.508996856212616,-0.009204514184966683,0.04774782694876194,0.04774782694876194,0.08071073219180107,0.0023043518129270526,0.011631249904166908,0.8420451283454895,1.0,0.008788461538461538,0.0006071153846153847,0,0.75,0.75,0.0
85,275200,-819.4977293014526,-8.194977531433105,-819.4977293014526,-8.194977531433105,0.0,819.4977293014526,8.194977531433105,-10.252971649169922,-0.1025296783447267,4.151218543052673,0.0,0.0,nan,nan,nan,nan,nan,nan,nan,nan,nan,nan,2752,-0.001508412904199208,0.009152553230524062,1.4844624876976014,-0.009956867014989258,0.0535595778375864,0.0535595778375864,0.06790586151182651,0.0027660460356855763,0.01577812518517021,0.84939044713974,1.0,0.008774038461538462,0.0006060096153846154,0,0.75,0.75,0.0
86,278400,-930.080361366272,-9.300803337097168,-930.080361366272,-9.300803337097168,0.0,930.080361366272,9.300803337097168,-120.83560371398926,-1.2083554840087896,5.338037581443786,0.0,0.0,nan,nan,nan,nan,nan,nan,nan,nan,nan,nan,2784,-0.0011503320743446288,0.013392748031765222,1.4854743480682373,-0.007466141600161791,0.08214028812944889,0.08214028812944889,0.08117762841284275,0.0030153022875310854,0.02514687515795231,0.8328659534454346,1.0,0.008759615384615385,0.0006049038461538462,0,0.75,0.75,0.0
87,281600,-773.8586959838867,-7.738586812019348,-773.8586959838867,-7.738586812019348,0.0,773.8586959838867,7.738586812019348,35.386061668395996,0.35386104106903016,4.1130722451210024,0.0,0.0,nan,nan,nan,nan,nan,nan,nan,nan,nan,nan,2816,-0.0008098312388582051,0.010936209978535772,1.4997293591499328,-0.008457148261368275,0.04464648514986038,0.04464648514986038,0.07881806120276451,0.0021153440247871913,0.015821874848916194,0.8738593459129333,1.0,0.008745192307692308,0.0006037980769230769,0,0.75,0.75,0.0
88,284800,-944.7268142700195,-9.447267980575562,-944.7268142700195,-9.447267980575562,0.0,944.7268142700195,9.447267980575562,-135.48205661773682,-1.3548201274871836,5.2156576871871945,0.0,0.0,nan,nan,nan,nan,nan,nan,nan,nan,nan,nan,2848,-0.0017671855128603032,0.011538770468905567,1.5041472554206847,-0.009130162745714187,0.04799413904547691,0.04799413904547691,0.08669782243669033,0.0015881508817983559,0.010656249902967829,0.8097948431968689,1.0,0.008730769230769231,0.0006026923076923077,0,0.75,0.75,0.0
89,288000,-853.9273080825806,-8.539273262023926,-853.9273080825806,-8.539273262023926,0.0,853.9273080825806,8.539273262023926,-44.68255043029785,-0.44682540893554723,4.666988635063172,0.0,0.0,nan,nan,nan,nan,nan,nan,nan,nan,nan,nan,2880,-0.0011519142101751533,0.011291274894028902,1.5138359785079956,-0.008701394638046622,0.04113469645380974,0.04113469645380974,0.07104135155677796,0.0018696679704589768,0.010131250059930607,0.8378627896308899,1.0,0.008716346153846154,0.0006015865384615385,0,0.75,0.75,0.0
90,291200,-755.0905323028564,-7.550905427932739,-755.0905323028564,-7.550905427932739,0.0,755.0905323028564,7.550905427932739,54.15422534942627,0.5415424251556393,3.621484253406525,0.0,0.0,nan,nan,nan,nan,nan,nan,nan,nan,nan,nan,2912,-0.0010853229718399415,0.008065262390300632,1.5254411458969117,-0.010326963849365711,0.041880929842591286,0.041880929842591286,0.07019351348280907,0.0018051483377348632,0.01337500000372529,0.8613258004188538,1.0,0.008701923076923078,0.0006004807692307693,0,0.75,0.75,0.0
91,294400,-826.0421190261841,-8.260421476364137,-826.0421190261841,-8.260421476364137,0.0,826.0421190261841,8.260421476364137,-16.797361373901367,-0.16797362327575804,4.287457413673401,0.0,0.0,nan,nan,nan,nan,nan,nan,nan,nan,nan,nan,2944,-0.0015913181252195318,0.009113036375492812,1.5347496271133423,-0.010367937060073018,0.051090539619326594,0.051090539619326594,0.07126615345478057,0.0026056130540382584,0.02238125039730221,0.8376753926277161,1.0,0.0086875,0.000599375,0,0.75,0.75,0.0
92,297600,-885.4064893722534,-8.854064912796021,-885.4064893722534,-8.854064912796021,0.0,885.4064893722534,8.854064912796021,-76.1617317199707,-0.7616170597076426,3.6887156677246096,0.0,0.0,nan,nan,nan,nan,nan,nan,nan,nan,nan,nan,2976,-0.0011824097789183696,0.017469295859336854,1.5345913529396058,-0.00575739024206996,0.0476594302803278,0.0476594302803278,0.08854765072464943,0.002033926646981854,0.01214374988921918,0.6567227840423584,1.0,0.008673076923076922,0.0005982692307692308,0,0.75,0.75,0.0
93,300800,-852.3790674209595,-8.52379041671753,-852.3790674209595,-8.52379041671753,0.0,852.3790674209595,8.52379041671753,-43.13430976867676,-0.43134256362915124,4.316158709526062,0.0,0.0,nan,nan,nan,nan,nan,nan,nan,nan,nan,nan,3008,-0.0013873840384883707,0.01066891783848405,1.5368123650550842,-0.009359651943668723,0.04320982545614242,0.04320982545614242,0.07801285348832607,0.0015451346782356268,0.014018750106333754,0.7806060910224915,1.0,0.008658653846153847,0.0005971634615384616,0,0.75,0.75,0.0
94,304000,-816.8124761581421,-8.168124723434449,-816.8124761581421,-8.168124723434449,0.0,816.8124761581421,8.168124723434449,-7.567718505859375,-0.0756768703460704,3.5760696005821226,0.0,0.0,nan,nan,nan,nan,nan,nan,nan,nan,nan,nan,3040,-0.0007502343090309615,0.00985858403146267,1.5414255142211915,-0.009145379811525346,0.031643643975257874,0.031643643975257874,0.07366170212626458,0.0012484331884479616,0.005659375007962808,0.8723625540733337,1.0,0.008644230769230769,0.0005960576923076923,0,0.75,0.75,0.0
95,307200,-789.4567098617554,-7.894567279815674,-789.4567098617554,-7.894567279815674,0.0,789.4567098617554,7.894567279815674,19.788047790527344,0.19788057327270447,4.039606256484985,0.0,0.0,nan,nan,nan,nan,nan,nan,nan,nan,nan,nan,3072,-0.000985370496089999,0.010345030715689063,1.5429606437683105,-0.009128308296203614,0.03327053021639585,0.03327053021639585,0.07258479520678521,0.0012162619928858475,0.0032281250081723557,0.8397061824798584,1.0,0.008629807692307692,0.0005949519230769231,0,0.75,0.75,0.0
96,310400,-785.0297260284424,-7.8502970314025875,-785.0297260284424,-7.8502970314025875,0.0,785.0297260284424,7.8502970314025875,24.215031623840332,0.24215082168579105,4.107579507827759,0.0,0.0,nan,nan,nan,nan,nan,nan,nan,nan,nan,nan,3104,-0.001497880894970116,0.011624440550804138,1.5415035843849183,-0.008966307109221815,0.05999938808381557,0.05999938808381557,0.07105683982372284,0.0033159483755298425,0.02680937454570085,0.7988767623901367,1.0,0.008615384615384615,0.0005938461538461538,0,0.75,0.75,0.0
97,313600,-869.1368427276611,-8.6913680934906,-869.1368427276611,-8.6913680934906,0.0,869.1368427276611,8.6913680934906,-59.89208507537842,-0.5989202404022222,5.127606210708618,0.0,0.0,nan,nan,nan,nan,nan,nan,nan,nan,nan,nan,3136,-0.0016937373445602088,0.013962668180465699,1.5313464403152466,-0.007883455138653517,0.047809920832514764,0.047809920832514764,0.07999890856444836,0.001980713468219619,0.011471875035203994,0.787329912185669,1.0,0.008600961538461538,0.0005927403846153846,0,0.75,0.75,0.0
98,316800,-806.953634262085,-8.069536161422729,-806.953634262085,-8.069536161422729,0.0,806.953634262085,8.069536161422729,2.291123390197754,0.02291169166564977,4.197108764648437,0.0,0.0,nan,nan,nan,nan,nan,nan,nan,nan,nan,nan,3168,-0.0009748816983190522,0.009216519631445408,1.5291306734085084,-0.009496560506522655,0.04021971523761749,0.04021971523761749,0.07497965767979622,0.002254660727339797,0.014656249903782736,0.7733639478683472,1.0,0.008586538461538461,0.0005916346153846154,0,0.75,0.75,0.0
99,320000,-773.6359996795654,-7.736359858512879,-773.6359996795654,-7.736359858512879,0.0,773.6359996795654,7.736359858512879,35.608757972717285,0.3560879945754998,4.071718072891235,0.0,0.0,nan,nan,nan,nan,nan,nan,nan,nan,nan,nan,3200,-0.001073776053450981,0.017854007426649332,1.529978632926941,-0.005261925840750336,0.045616434141993525,0.045616434141993525,0.08927477225661277,0.0016916346743528266,0.008956250123446807,0.7740848064422607,1.0,0.008572115384615385,0.0005905288461538462,0,0.75,0.75,0.0
100,323200,-839.5945625305176,-8.395945806503295,-839.5945625305176,-8.395945806503295,0.0,839.5945625305176,8.395945806503295,-30.349804878234863,-0.3034979534149169,4.188614044189453,0.0,0.0,-884.4203317165375,-8.844203317165375,-884.4203317165375,-8.844203317165375,100.0,3.5764394849538803,0.0,0.0,884.4203317165375,-79.75785088539124,3232,-0.001015847668296921,0.011218927521258592,1.5343034267425537,-0.008536480320617556,0.041463544592261314,0.041463544592261314,0.06476754993200302,0.0014670446624222677,0.007659375132061541,0.8099878430366516,1.0,0.008557692307692308,0.0005894230769230769,0,0.75,0.75,0.0
101,326400,-811.0332517623901,-8.110332851409913,-811.0332517623901,-8.110332851409913,0.0,811.0332517623901,8.110332851409913,-1.7884941101074219,-0.01788499832153434,3.533436508178711,0.0,0.0,nan,nan,nan,nan,nan,nan,nan,nan,nan,nan,3264,-0.0010189775622217567,0.010347921028733253,1.5337000012397766,-0.008947828458622098,0.044585616886615755,0.044585616886615755,0.06993291415274143,0.002054885343386559,0.010165624925866723,0.8243860006332397,1.0,0.008543269230769231,0.0005883173076923077,0,0.75,0.75,0.0
102,329600,-808.5090103149414,-8.08508994102478,-808.5090103149414,-8.08508994102478,0.0,808.5090103149414,8.08508994102478,0.7357473373413086,0.007357912063598704,4.652305607795715,0.0,0.0,nan,nan,nan,nan,nan,nan,nan,nan,nan,nan,3296,-0.0006327961918286773,0.012237138394266368,1.54057537317276,-0.007653557742014527,0.028933945670723916,0.028933945670723916,0.08247246295213699,0.0008972844134405022,0.0034968749911058693,0.7838181853294373,1.0,0.008528846153846154,0.0005872115384615384,0,0.75,0.75,0.0
103,332800,-847.7997207641602,-8.477997074127197,-847.7997207641602,-8.477997074127197,0.0,847.7997207641602,8.477997074127197,-38.55496311187744,-0.3855492210388185,3.723478615283966,0.0,0.0,nan,nan,nan,nan,nan,nan,nan,nan,nan,nan,3328,-0.0012916361848590795,0.018214443419128656,1.5343256711959838,-0.005248312139883637,0.0372099032625556,0.0372099032625556,0.08668814450502396,0.0017765054490155308,0.007343750121071935,0.6114239692687988,1.0,0.008514423076923077,0.0005861057692307692,0,0.75,0.75,0.0
104,336000,-804.338059425354,-8.043380770683289,-804.338059425354,-8.043380770683289,0.0,804.338059425354,8.043380770683289,4.906698226928711,0.049067082405089835,3.389246890544891,0.0,0.0,nan,nan,nan,nan,nan,nan,nan,nan,nan,nan,3360,-0.001696039770869362,0.012154757883399725,1.5235363006591798,-0.008568720053881406,0.073295983299613,0.073295983299613,0.07372603118419647,0.0028898474120069295,0.025409375672461466,0.7123949527740479,1.0,0.0085,0.000585,0,0.75,0.75,0.0
105,339200,-827.3367576599121,-8.273367652893066,-827.3367576599121,-8.273367652893066,0.0,827.3367576599121,8.273367652893066,-18.092000007629395,-0.18091979980468764,4.371508603096008,0.0,0.0,nan,nan,nan,nan,nan,nan,nan,nan,nan,nan,3392,-0.0017335848812479516,0.016184165701270105,1.5390648603439332,-0.006701355567201972,0.1010607372969389,0.1010607372969389,0.08444836512207984,0.0038619165352429263,0.026690625032642856,0.7372279167175293,1.0,0.008485576923076922,0.0005838942307692307,0,0.75,0.75,0.0
106,342400,-819.2730293273926,-8.192730264663696,-819.2730293273926,-8.192730264663696,0.0,819.2730293273926,8.192730264663696,-10.028271675109863,-0.10028241157531781,4.104643235206604,0.0,0.0,nan,nan,nan,nan,nan,nan,nan,nan,nan,nan,3424,-0.001402835815295056,0.008442523051053285,1.534886085987091,-0.010183830140158534,0.07043158784508705,0.07043158784508705,0.05858721695840359,0.0027087689406471325,0.025962500204332172,0.8192779421806335,1.0,0.008471153846153847,0.0005827884615384615,0,0.75,0.75,0.0
107,345600,-807.7544040679932,-8.077544031143189,-807.7544040679932,-8.077544031143189,0.0,807.7544040679932,8.077544031143189,1.4903535842895508,0.014903821945189577,4.11170380115509,0.0,0.0,nan,nan,nan,nan,nan,nan,nan,nan,nan,nan,3456,-0.0008373243488895455,0.014711852837353944,1.5353044509887694,-0.006465055048465729,0.03870013020932674,0.03870013020932674,0.06856860630214215,0.0017919796126079745,0.008868749852990732,0.8012604117393494,1.0,0.008456730769230768,0.0005816826923076923,0,0.75,0.75,0.0
108,348800,-743.2356519699097,-7.432356443405151,-743.2356519699097,-7.432356443405151,0.0,743.2356519699097,7.432356443405151,66.00910568237305,0.6600914096832273,3.48182425737381,0.0,0.0,nan,nan,nan,nan,nan,nan,nan,nan,nan,nan,3488,-0.0014028390100225608,0.010699682915583254,1.533101785182953,-0.008995914785191416,0.05486371777951717,0.05486371777951717,0.06528252810239792,0.0024034304304223044,0.014603125443682075,0.8688837289810181,1.0,0.008442307692307692,0.000580576923076923,0,0.75,0.75,0.0
109,352000,-808.3486013412476,-8.08348614692688,-808.3486013412476,-8.08348614692688,0.0,808.3486013412476,8.08348614692688,0.8961563110351562,0.008961706161498384,3.4423361372947694,0.0,0.0,nan,nan,nan,nan,nan,nan,nan,nan,nan,nan,3520,-0.000956534575264234,0.012898295558989048,1.5296712160110473,-0.007399279111996293,0.044960619509220125,0.044960619509220125,0.07154424786567688,0.00172516163365799,0.0064593749964842575,0.7557916641235352,1.0,0.008427884615384615,0.0005794711538461538,0,0.75,0.75,0.0
110,355200,-806.3656387329102,-8.063656539916993,-806.3656387329102,-8.063656539916993,0.0,806.3656387329102,8.063656539916993,2.8791189193725586,0.028791313171385724,3.62483957529068,0.0,0.0,nan,nan,nan,nan,nan,nan,nan,nan,nan,nan,3552,-0.0008452181949788695,0.00907586091198027,1.5358213543891908,-0.009228862216696143,0.04916561543941498,0.04916561543941498,0.05887004248797893,0.0016307790254359133,0.010687499911000486,0.721308171749115,1.0,0.008413461538461538,0.0005783653846153846,0,0.75,0.75,0.0
111,358400,-865.4225397109985,-8.65422553062439,-865.4225397109985,-8.65422553062439,0.0,865.4225397109985,8.65422553062439,-56.17778205871582,-0.5617776775360106,4.934250659942627,0.0,0.0,nan,nan,nan,nan,nan,nan,nan,nan,nan,nan,3584,-0.0011746352991089282,0.012264801608398556,1.5331608533859253,-0.00791931157000363,0.03580166101455688,0.03580166101455688,0.06792832314968109,0.0017313385964371265,0.0075281249359250065,0.8129284381866455,1.0,0.008399038461538461,0.0005772596153846153,0,0.75,0.75,0.0
112,361600,-764.6235466003418,-7.646235556602478,-764.6235466003418,-7.646235556602478,0.0,764.6235466003418,7.646235556602478,44.62121105194092,0.4462122964859008,3.3919016695022584,0.0,0.0,nan,nan,nan,nan,nan,nan,nan,nan,nan,nan,3616,-0.0011298514559399564,0.012557701766490936,1.5339107871055604,-0.007712252298370003,0.045482261851429936,0.045482261851429936,0.06992637291550637,0.00166501916537527,0.006887500057928264,0.7861626744270325,1.0,0.008384615384615384,0.0005761538461538461,0,0.75,0.75,0.0
113,364800,-796.3130950927734,-7.963130717277527,-796.3130950927734,-7.963130717277527,0.0,796.3130950927734,7.963130717277527,12.931662559509277,0.1293171358108518,4.7578391122818,0.0,0.0,nan,nan,nan,nan,nan,nan,nan,nan,nan,nan,3648,-0.0011081731628161506,0.00925388690084219,1.5487650990486146,-0.009444692078977824,0.04306680820882321,0.04306680820882321,0.052860462293028834,0.0022154755904921332,0.013881249806581763,0.8186523914337158,1.0,0.008370192307692308,0.0005750480769230769,0,0.75,0.75,0.0
114,368000,-774.1814346313477,-7.741814160346985,-774.1814346313477,-7.741814160346985,0.0,774.1814346313477,7.741814160346985,35.06332302093506,0.35063369274139333,3.7898499274253847,0.0,0.0,nan,nan,nan,nan,nan,nan,nan,nan,nan,nan,3680,-0.0009876145564136963,0.012287524994462729,1.5442790150642396,-0.007747491169720888,0.0384600704535842,0.0384600704535842,0.06273928582668305,0.0014245688274968416,0.007581249962095171,0.8179037570953369,1.0,0.00835576923076923,0.0005739423076923076,0,0.75,0.75,0.0
115,371200,-953.5107049942017,-9.535106506347656,-953.5107049942017,-9.535106506347656,0.0,953.5107049942017,9.535106506347656,-144.26594734191895,-1.4426586532592776,5.223664021492004,0.0,0.0,nan,nan,nan,nan,nan,nan,nan,nan,nan,nan,3712,-0.0010699423572688715,0.01856232276186347,1.5400467753410338,-0.004634843859821558,0.038421905040740965,0.038421905040740965,0.0792266808450222,0.0013017273904551985,0.003828124934079824,0.6479183435440063,1.0,0.008341346153846154,0.0005728365384615384,0,0.75,0.75,0.0
116,374400,-839.0407876968384,-8.39040804862976,-839.0407876968384,-8.39040804862976,0.0,839.0407876968384,8.39040804862976,-29.796030044555664,-0.297960195541382,4.3972581768035885,0.0,0.0,nan,nan,nan,nan,nan,nan,nan,nan,nan,nan,3744,-0.0007353079314518229,0.016290037892758846,1.548652708530426,-0.005485801445320249,0.03250028006732464,0.03250028006732464,0.0749592561274767,0.0019065641390625387,0.007406250105123036,0.6410446166992188,1.0,0.008326923076923077,0.0005717307692307693,0,0.75,0.75,0.0
117,377600,-880.9719219207764,-8.809719133377076,-880.9719219207764,-8.809719133377076,0.0,880.9719219207764,8.809719133377076,-71.72716426849365,-0.7172712802886974,4.019109585285187,0.0,0.0,nan,nan,nan,nan,nan,nan,nan,nan,nan,nan,3776,-0.0011815212364599148,0.010097155114635825,1.5610535502433778,-0.009109201421961189,0.04045683518052101,0.04045683518052101,0.05372434370219707,0.001464216286331066,0.006981250195167377,0.7808170318603516,1.0,0.0083125,0.000570625,0,0.75,0.75,0.0
118,380800,-846.6748743057251,-8.466748991012572,-846.6748743057251,-8.466748991012572,0.0,846.6748743057251,8.466748991012572,-37.43011665344238,-0.37430113792419384,3.691296980381012,0.0,0.0,nan,nan,nan,nan,nan,nan,nan,nan,nan,nan,3808,-0.0007092230889364171,0.01393638513982296,1.539815318584442,-0.00651853596791625,0.035251285322010516,0.035251285322010516,0.058071259036660196,0.0011073803019826301,0.009312500077066943,0.7177900075912476,1.0,0.008298076923076924,0.0005695192307692308,0,0.75,0.75,0.0
119,384000,-825.3675136566162,-8.253674964904786,-825.3675136566162,-8.253674964904786,0.0,825.3675136566162,8.253674964904786,-16.122756004333496,-0.16122711181640703,3.903286190032959,0.0,0.0,nan,nan,nan,nan,nan,nan,nan,nan,nan,nan,3840,-0.0007258123728068222,0.008416849467903376,1.542324185371399,-0.00929346801713109,0.031689330376684664,0.031689330376684664,0.051071909442543986,0.0009750004301167792,0.0008406250024563632,0.8144291639328003,1.0,0.008283653846153847,0.0005684134615384616,0,0.75,0.75,0.0
120,387200,-775.8110313415527,-7.758110547065735,-775.8110313415527,-7.758110547065735,0.0,775.8110313415527,7.758110547065735,33.43372631072998,0.33433730602264333,3.715473675727844,0.0,0.0,-947.5114617347717,-9.475114617347717,-947.5114617347717,-9.475114617347717,100.0,4.859129734188318,0.0,0.0,947.5114617347717,-142.8489809036255,3872,-0.0007166309419815775,0.011495757894590498,1.5445890307426453,-0.007741315243765712,0.030068705230951308,0.030068705230951308,0.0591709204018116,0.0008210185864300001,0.0017718750270432793,0.7568848133087158,1.0,0.008269230769230768,0.0005673076923076923,0,0.75,0.75,0.0
121,390400,-826.4773426055908,-8.264773645401,-826.4773426055908,-8.264773645401,0.0,826.4773426055908,8.264773645401,-17.232584953308105,-0.17232579231262157,4.2617893362045285,0.0,0.0,nan,nan,nan,nan,nan,nan,nan,nan,nan,nan,3904,-0.0007861767082154803,0.011536689568310976,1.5435299277305603,-0.007759374193847179,0.033156285621225835,0.033156285621225835,0.05341706313192844,0.0013476481688485364,0.0018249999608087818,0.7913075089454651,1.0,0.008254807692307693,0.0005662019230769231,0,0.75,0.75,0.0
122,393600,-785.7913904190063,-7.857914056777954,-785.7913904190063,-7.857914056777954,0.0,785.7913904190063,7.857914056777954,23.453367233276367,0.2345337963104246,4.055165691375732,0.0,0.0,nan,nan,nan,nan,nan,nan,nan,nan,nan,nan,3936,-0.0011389101815060699,0.011939711729064583,1.5431198239326478,-0.007884955871850252,0.042009640485048294,0.042009640485048294,0.06637706533074379,0.0023750633194140392,0.01684062520507723,0.7826617956161499,1.0,0.008240384615384615,0.0005650961538461539,0,0.75,0.75,0.0
123,396800,-840.8393774032593,-8.40839352607727,-840.8393774032593,-8.40839352607727,0.0,840.8393774032593,8.40839352607727,-31.594619750976562,-0.3159456729888923,4.70420530796051,0.0,0.0,nan,nan,nan,nan,nan,nan,nan,nan,nan,nan,3968,-0.001182517847954223,0.014509495813399553,1.5377448916435241,-0.006577200395986438,0.04212966896593571,0.04212966896593571,0.06497171074151993,0.002056773599178996,0.01599062525201589,0.6928832530975342,1.0,0.008225961538461538,0.0005639903846153846,0,0.75,0.75,0.0
124,400000,-913.732325553894,-9.137322816848755,-913.732325553894,-9.137322816848755,0.0,913.732325553894,9.137322816848755,-104.48756790161133,-1.0448749637603765,4.250040140151977,0.0,0.0,nan,nan,nan,nan,nan,nan,nan,nan,nan,nan,4000,-0.000733919749096823,0.018942829873412847,1.5262298941612245,-0.00379519984126091,0.030918707139790058,0.030918707139790058,0.08278538361191749,0.0010669803185010096,0.003140625046216883,0.6113063097000122,1.0,0.008211538461538461,0.0005628846153846154,0,0.75,0.75,0.0
125,403200,-882.0677614212036,-8.820677738189698,-882.0677614212036,-8.820677738189698,0.0,882.0677614212036,8.820677738189698,-72.8230037689209,-0.7282298851013191,4.717676739692688,0.0,0.0,nan,nan,nan,nan,nan,nan,nan,nan,nan,nan,4032,-0.0008549258324434094,0.009754033712670206,1.5209476828575135,-0.008445292897522449,0.03313403315842152,0.03313403315842152,0.05359104163944721,0.0012203343725559535,0.003912499971556826,0.7779942154884338,1.0,0.008197115384615384,0.0005617788461538462,0,0.75,0.75,0.0
126,406400,-765.9084997177124,-7.659085040092468,-765.9084997177124,-7.659085040092468,0.0,765.9084997177124,7.659085040092468,43.33625793457031,0.4333628129959104,3.466854193210602,0.0,0.0,nan,nan,nan,nan,nan,nan,nan,nan,nan,nan,4064,-0.000895402733964179,0.01577068865299225,1.5127738952636718,-0.005388621939346194,0.03786444440484047,0.03786444440484047,0.06474161371588708,0.0016566919926845002,0.006768750029732473,0.7150847315788269,1.0,0.008182692307692307,0.0005606730769230769,0,0.75,0.75,0.0
127,409600,-912.1090221405029,-9.12109022140503,-912.1090221405029,-9.12109022140503,0.0,912.1090221405029,9.12109022140503,-102.86426448822021,-1.0286423683166515,4.642954931259156,0.0,0.0,nan,nan,nan,nan,nan,nan,nan,nan,nan,nan,4096,-0.00095909392886675,0.01671931818127632,1.5253944754600526,-0.00505926706828177,0.045078926160931586,0.045078926160931586,0.07668990753591061,0.002305018047627527,0.013409374898765236,0.6341846585273743,1.0,0.00816826923076923,0.0005595673076923077,0,0.75,0.75,0.0
128,412800,-784.417799949646,-7.844178051948547,-784.417799949646,-7.844178051948547,0.0,784.417799949646,7.844178051948547,24.82695770263672,0.24826980113983144,4.722944712638855,0.0,0.0,nan,nan,nan,nan,nan,nan,nan,nan,nan,nan,4128,-0.001115883066874801,0.012425977271050215,1.5285224795341492,-0.007366232154890895,0.04061612077057362,0.04061612077057362,0.061023545637726787,0.0017040092920069584,0.005671875095140421,0.7306386232376099,1.0,0.008153846153846154,0.0005584615384615385,0,0.75,0.75,0.0
129,416000,-885.070442199707,-8.850704021453858,-885.070442199707,-8.850704021453858,0.0,885.070442199707,8.850704021453858,-75.82568454742432,-0.7582561683654792,3.9486756420135496,0.0,0.0,nan,nan,nan,nan,nan,nan,nan,nan,nan,nan,4160,-0.0005359792700613042,0.011727106757462025,1.531065011024475,-0.007134411809965968,0.02918274439871311,0.02918274439871311,0.06172462999820709,0.0011040894096367992,0.0019281250191852451,0.752211332321167,1.0,0.008139423076923077,0.0005573557692307692,0,0.75,0.75,0.0
130,419200,-965.0993213653564,-9.65099308013916,-965.0993213653564,-9.65099308013916,0.0,965.0993213653564,9.65099308013916,-155.85456371307373,-1.5585452270507822,5.050813360214233,0.0,0.0,nan,nan,nan,nan,nan,nan,nan,nan,nan,nan,4192,-0.00131117479680114,0.017500915750861167,1.5184805512428283,-0.0048983709421008825,0.04291150942444801,0.04291150942444801,0.0700718991458416,0.001501085891140974,0.006909375088798697,0.617687463760376,1.0,0.008125,0.00055625,0,0.75,0.75,0.0
131,422400,-791.9078598022461,-7.919078664779663,-791.9078598022461,-7.919078664779663,0.0,791.9078598022461,7.919078664779663,17.33689785003662,0.1733691883087154,3.509217755794525,0.0,0.0,nan,nan,nan,nan,nan,nan,nan,nan,nan,nan,4224,-0.0011617602300130869,0.009980231476947665,1.5244516611099244,-0.008535827603191137,0.04881424307823181,0.04881424307823181,0.054213262349367144,0.002725703169562621,0.03070312428753823,0.7080889344215393,1.0,0.008110576923076923,0.0005551442307692308,0,0.75,0.75,0.0
132,425600,-821.3106641769409,-8.213106870651245,-821.3106641769409,-8.213106870651245,0.0,821.3106641769409,8.213106870651245,-12.065906524658203,-0.12065901756286657,4.4286002969741824,0.0,0.0,nan,nan,nan,nan,nan,nan,nan,nan,nan,nan,4256,-0.000992477692797511,0.009790433896705508,1.5351834177970887,-0.008526341989636421,0.04347972199320793,0.04347972199320793,0.05284567140042782,0.0026135239051654933,0.019581250072224065,0.8112118244171143,1.0,0.008096153846153847,0.0005540384615384615,0,0.75,0.75,0.0
133,428800,-871.1043186187744,-8.711043167114259,-871.1043186187744,-8.711043167114259,0.0,871.1043186187744,8.711043167114259,-61.8595609664917,-0.61859531402588,4.61233648777008,0.0,0.0,nan,nan,nan,nan,nan,nan,nan,nan,nan,nan,4288,-0.001232842032029291,0.015464117936789989,1.5289037585258485,-0.005856971116736531,0.04321083389222622,0.04321083389222622,0.07236107550561428,0.0021047850437753367,0.009675000119023025,0.5913495421409607,1.0,0.00808173076923077,0.0005529326923076923,0,0.75,0.75,0.0
134,432000,-831.0283060073853,-8.310283451080322,-831.0283060073853,-8.310283451080322,0.0,831.0283060073853,8.310283451080322,-21.78354835510254,-0.21783559799194308,4.516717233657837,0.0,0.0,nan,nan,nan,nan,nan,nan,nan,nan,nan,nan,4320,-0.0013374867784092248,0.0174163905903697,1.4936858654022216,-0.00467931516468525,0.058300630748271944,0.058300630748271944,0.0676151342689991,0.0038074887459515596,0.025271874910686165,0.6731340289115906,1.0,0.008067307692307693,0.0005518269230769231,0,0.75,0.75,0.0
135,435200,-862.8087921142578,-8.628087520599365,-862.8087921142578,-8.628087520599365,0.0,862.8087921142578,8.628087520599365,-53.5640344619751,-0.5356396675109867,4.518479223251343,0.0,0.0,nan,nan,nan,nan,nan,nan,nan,nan,nan,nan,4352,-0.000799128890503198,0.009533460112288594,1.4955076456069947,-0.008075549220666289,0.0440788883715868,0.0440788883715868,0.05322633981704712,0.0018467407433490734,0.007271875045262277,0.7396029233932495,1.0,0.008052884615384615,0.0005507211538461538,0,0.75,0.75,0.0
136,438400,-900.5930671691895,-9.00593062400818,-900.5930671691895,-9.00593062400818,0.0,900.5930671691895,9.00593062400818,-91.34830951690674,-0.913482770919801,4.730948266983032,0.0,0.0,nan,nan,nan,nan,nan,nan,nan,nan,nan,nan,4384,-0.0014395286261569495,0.01727434163913131,1.474419903755188,-0.004654425149783492,0.06373534686863422,0.06373534686863422,0.06618365608155727,0.0028678449285507667,0.028250000046682544,0.6903362274169922,1.0,0.00803846153846154,0.0005496153846153846,0,0.75,0.75,0.0
137,441600,-861.7492437362671,-8.617492370605468,-861.7492437362671,-8.617492370605468,0.0,861.7492437362671,8.617492370605468,-52.504486083984375,-0.5250445175170899,5.213867530822754,0.0,0.0,nan,nan,nan,nan,nan,nan,nan,nan,nan,nan,4416,-0.0009724338089348805,0.01486629256978631,1.4728262901306153,-0.0053573026787489654,0.041084586083889006,0.041084586083889006,0.06293043084442615,0.002234566329570953,0.006971875112503767,0.6631327867507935,1.0,0.008024038461538461,0.0005485096153846154,0,0.75,0.75,0.0
138,444800,-852.7507371902466,-8.52750708580017,-852.7507371902466,-8.52750708580017,0.0,852.7507371902466,8.52750708580017,-43.50597953796387,-0.4350592327117919,4.693000421524048,0.0,0.0,nan,nan,nan,nan,nan,nan,nan,nan,nan,nan,4448,-0.0006881917185499242,0.012619804404675961,1.4894289374351501,-0.006308042397722602,0.03352084755897522,0.03352084755897522,0.057045405730605125,0.001803124630532693,0.009165625204332173,0.7310665845870972,1.0,0.008009615384615384,0.0005474038461538461,0,0.75,0.75,0.0
139,448000,-766.4110383987427,-7.66411039352417,-766.4110383987427,-7.66411039352417,0.0,766.4110383987427,7.66411039352417,42.83371925354004,0.4283374595642089,3.686212637424469,0.0,0.0,nan,nan,nan,nan,nan,nan,nan,nan,nan,nan,4480,-0.0006745965745474702,0.011128070950508117,1.4966774582862854,-0.0070767846889793875,0.03048300091177225,0.03048300091177225,0.05572708696126938,0.0012870229285908863,0.0037812499620486053,0.794471800327301,1.0,0.007995192307692307,0.0005462980769230769,0,0.75,0.75,0.0
140,451200,-826.1572427749634,-8.261572198867798,-826.1572427749634,-8.261572198867798,0.0,826.1572427749634,8.261572198867798,-16.912485122680664,-0.16912434577941937,4.3606216335296635,0.0,0.0,-970.4913983345032,-9.704913983345032,-970.4913983345032,-9.704913983345032,100.0,5.9653193962574,0.0,0.0,970.4913983345032,-165.82891750335693,4512,-0.0012409619142418117,0.010726817091926933,1.4992014288902282,-0.007842334220185876,0.06248952858150005,0.06248952858150005,0.0519285436719656,0.003031651658238843,0.01989687487948686,0.7567546367645264,1.0,0.00798076923076923,0.0005451923076923077,0,0.75,0.75,0.0
141,454400,-858.2812747955322,-8.582812843322754,-858.2812747955322,-8.582812843322754,0.0,858.2812747955322,8.582812843322754,-49.03651714324951,-0.49036499023437585,4.5750321006774906,0.0,0.0,nan,nan,nan,nan,nan,nan,nan,nan,nan,nan,4544,-0.000803432896232703,0.016035218816250564,1.5024186491966247,-0.004754610313102603,0.0492278903722763,0.0492278903722763,0.056795668229460715,0.0014649883793026674,0.00892499997280538,0.7192907333374023,1.0,0.007966346153846154,0.0005440865384615384,0,0.75,0.75,0.0
142,457600,-855.6220989227295,-8.556221132278443,-855.6220989227295,-8.556221132278443,0.0,855.6220989227295,8.556221132278443,-46.37734127044678,-0.4637732791900646,4.774243907928467,0.0,0.0,nan,nan,nan,nan,nan,nan,nan,nan,nan,nan,4576,-0.0012323313446482632,0.013300643023103475,1.5279863238334657,-0.006732438877224922,0.05545589439570904,0.05545589439570904,0.05876767598092556,0.00213482643084717,0.012806249939239933,0.7352755665779114,1.0,0.007951923076923077,0.0005429807692307692,0,0.75,0.75,0.0
143,460800,-870.1147956848145,-8.701148357391357,-870.1147956848145,-8.701148357391357,0.0,870.1147956848145,8.701148357391357,-60.87003803253174,-0.6087005043029787,4.180527057647705,0.0,0.0,nan,nan,nan,nan,nan,nan,nan,nan,nan,nan,4608,-0.0007387146406748979,0.017251763213425874,1.5197080850601197,-0.004175516264513135,0.03670764099806547,0.03670764099806547,0.06786903664469719,0.0012037393273203634,0.0038874999358085916,0.6867283582687378,1.0,0.0079375,0.000541875,0,0.75,0.75,0.0
144,464000,-825.0777444839478,-8.250777387619019,-825.0777444839478,-8.250777387619019,0.0,825.0777444839478,8.250777387619019,-15.832986831665039,-0.15832953453064036,3.778793144226074,0.0,0.0,nan,nan,nan,nan,nan,nan,nan,nan,nan,nan,4640,-0.0008728167814784805,0.011577709950506688,1.5431592345237732,-0.007310530869290233,0.04412112720310688,0.04412112720310688,0.05292400605976581,0.0018428439696435816,0.005550000103539787,0.8094340562820435,1.0,0.007923076923076923,0.0005407692307692307,0,0.75,0.75,0.0
145,467200,-836.18776512146,-8.361877603530884,-836.18776512146,-8.361877603530884,0.0,836.18776512146,8.361877603530884,-26.943007469177246,-0.26942975044250517,4.38569477558136,0.0,0.0,nan,nan,nan,nan,nan,nan,nan,nan,nan,nan,4672,-0.0009854441710864137,0.011088538961485029,1.5505365133285522,-0.007703830767422914,0.05327276736497879,0.05327276736497879,0.059179683402180674,0.0028341564393485896,0.017571875115390868,0.658645749092102,1.0,0.007908653846153847,0.0005396634615384615,0,0.75,0.75,0.0
146,470400,-834.6229639053345,-8.34622977256775,-834.6229639053345,-8.34622977256775,0.0,834.6229639053345,8.34622977256775,-25.378206253051758,-0.2537819194793709,4.1014705395698545,0.0,0.0,nan,nan,nan,nan,nan,nan,nan,nan,nan,nan,4704,-0.0008175495995324855,0.014199139643460512,1.5438183784484862,-0.005905238492414355,0.03224280867725611,0.03224280867725611,0.05578787103295326,0.0012748028042551597,0.002899999962755828,0.6674742698669434,1.0,0.00789423076923077,0.0005385576923076923,0,0.75,0.75,0.0
147,473600,-764.13658618927,-7.641365833282471,-764.13658618927,-7.641365833282471,0.0,764.13658618927,7.641365833282471,45.108171463012695,0.45108201980590756,3.55970609664917,0.0,0.0,nan,nan,nan,nan,nan,nan,nan,nan,nan,nan,4736,-0.0009360739564407084,0.009201690880581736,1.543669044971466,-0.008499043667688966,0.036809439025819304,0.036809439025819304,0.05018940754234791,0.001209872913750587,0.004700000013690442,0.7785746455192566,1.0,0.007879807692307693,0.000537451923076923,0,0.75,0.75,0.0
148,476800,-771.7551689147949,-7.717551493644715,-771.7551689147949,-7.717551493644715,0.0,771.7551689147949,7.717551493644715,37.48958873748779,0.37489635944366384,3.420744864940643,0.0,0.0,nan,nan,nan,nan,nan,nan,nan,nan,nan,nan,4768,-0.001288460250315282,0.009072720911353827,1.5524174571037292,-0.008962459582835435,0.059627555310726166,0.059627555310726166,0.049010001495480536,0.002813703451101901,0.025746874742617366,0.7982197999954224,1.0,0.007865384615384614,0.0005363461538461539,0,0.75,0.75,0.0
149,480000,-769.0321102142334,-7.690321078300476,-769.0321102142334,-7.690321078300476,0.0,769.0321102142334,7.690321078300476,40.212647438049316,0.40212677478790226,3.7790273952484132,0.0,0.0,nan,nan,nan,nan,nan,nan,nan,nan,nan,nan,4800,-0.0005852527375460159,0.012198409345000983,1.5531671643257141,-0.0066799041349440815,0.02809168230742216,0.02809168230742216,0.053029296547174455,0.0012013608400593511,0.0027187499799765646,0.7733286023139954,1.0,0.00785096153846154,0.0005352403846153847,0,0.75,0.75,0.0
150,483200,-910.779655456543,-9.107796850204467,-910.779655456543,-9.107796850204467,0.0,910.779655456543,9.107796850204467,-101.53489780426025,-1.0153489971160887,5.114075999259949,0.0,0.0,nan,nan,nan,nan,nan,nan,nan,nan,nan,nan,4832,-0.000708769132025111,0.012228571623563767,1.5416040301322937,-0.0066753223072737455,0.03735983856022358,0.03735983856022358,0.052906480804085734,0.0012797722138202516,0.005512500007171184,0.7685953378677368,1.0,0.00783653846153846,0.0005341346153846154,0,0.75,0.75,0.0
151,486400,-872.690071105957,-8.72690068244934,-872.690071105957,-8.72690068244934,0.0,872.690071105957,8.72690068244934,-63.445313453674316,-0.6344528293609617,4.413572072982788,0.0,0.0,nan,nan,nan,nan,nan,nan,nan,nan,nan,nan,4864,-0.0007849863158189585,0.016228957287967204,1.531632924079895,-0.004651116486638784,0.04438700303435326,0.04438700303435326,0.06832452602684498,0.0010974474320391892,0.003256249928381294,0.6607962250709534,1.0,0.007822115384615384,0.0005330288461538462,0,0.75,0.75,0.0
152,489600,-850.7329807281494,-8.507329969406127,-850.7329807281494,-8.507329969406127,0.0,850.7329807281494,8.507329969406127,-41.4882230758667,-0.41488211631774874,3.7086722302436828,0.0,0.0,nan,nan,nan,nan,nan,nan,nan,nan,nan,nan,4896,-0.0009842734734760495,0.009778385423123837,1.5279955625534059,-0.008025200106203556,0.051688818447291854,0.051688818447291854,0.04092596024274826,0.001737862019217573,0.010025000156019814,0.7365221381187439,1.0,0.007807692307692307,0.000531923076923077,0,0.75,0.75,0.0
153,492800,-855.0832939147949,-8.550832977294922,-855.0832939147949,-8.550832977294922,0.0,855.0832939147949,8.550832977294922,-45.83853626251221,-0.45838512420654354,3.9198515367507936,0.0,0.0,nan,nan,nan,nan,nan,nan,nan,nan,nan,nan,4928,-0.0006397245378677141,0.012908295821398496,1.5292831063270569,-0.006103691458702087,0.04594803638756275,0.04594803638756275,0.05789994709193706,0.0009020385245094076,0.0051531250705011186,0.7129075527191162,1.0,0.00779326923076923,0.0005308173076923077,0,0.75,0.75,0.0
154,496000,-873.4356851577759,-8.734356927871705,-873.4356851577759,-8.734356927871705,0.0,873.4356851577759,8.734356927871705,-64.19092750549316,-0.6419090747833263,4.427934308052063,0.0,0.0,nan,nan,nan,nan,nan,nan,nan,nan,nan,nan,4960,-0.0007349233613695106,0.020077785290777684,1.5375521898269653,-0.002656412636861205,0.03907771334052086,0.03907771334052086,0.07387470416724681,0.0012219223830470583,0.007878124911803753,0.6585158705711365,1.0,0.0077788461538461535,0.0005297115384615385,0,0.75,0.75,0.0
155,499200,-840.0338907241821,-8.400339307785034,-840.0338907241821,-8.400339307785034,0.0,840.0338907241821,8.400339307785034,-30.789133071899414,-0.30789145469665513,4.155626382827759,0.0,0.0,nan,nan,nan,nan,nan,nan,nan,nan,nan,nan,4992,-0.001570272925379701,0.007593221263960004,1.548097825050354,-0.009793748753145337,0.05056438185274601,0.05056438185274601,0.041358102858066556,0.0029171804482757578,0.014718749839812518,0.7733231782913208,1.0,0.007764423076923077,0.0005286057692307693,0,0.75,0.75,0.0
156,502400,-869.6904373168945,-8.696904029846191,-869.6904373168945,-8.696904029846191,0.0,869.6904373168945,8.696904029846191,-60.445679664611816,-0.6044561767578127,3.999126787185669,0.0,0.0,nan,nan,nan,nan,nan,nan,nan,nan,nan,nan,5024,-0.0014739132297225232,0.021753611508756876,1.5528567910194397,-0.00263174744322896,0.07120397500693798,0.07120397500693798,0.06809315420687198,0.001994898749035201,0.014165624952875077,0.4682675004005432,1.0,0.00775,0.0005275,0,0.75,0.75,0.0
157,505600,-878.5412302017212,-8.785412864685059,-878.5412302017212,-8.785412864685059,0.0,878.5412302017212,8.785412864685059,-69.29647254943848,-0.6929650115966801,3.7391006088256837,0.0,0.0,nan,nan,nan,nan,nan,nan,nan,nan,nan,nan,5056,-0.0012241712012560856,0.014851317182183266,1.5424365997314453,-0.0057301496155560015,0.05493211410939693,0.05493211410939693,0.06443179622292519,0.002642602729611099,0.01615937497699633,0.5347890257835388,1.0,0.007735576923076923,0.0005263942307692308,0,0.75,0.75,0.0
158,508800,-893.1865787506104,-8.931865587234498,-893.1865787506104,-8.931865587234498,0.0,893.1865787506104,8.931865587234498,-83.94182109832764,-0.8394177341461191,4.274557113647461,0.0,0.0,nan,nan,nan,nan,nan,nan,nan,nan,nan,nan,5088,-0.001074824385554507,0.017544762510806323,1.540839147567749,-0.004199499543756246,0.05539583824574947,0.05539583824574947,0.06707803718745708,0.002019347807072336,0.01528437485685572,0.5667447447776794,1.0,0.007721153846153846,0.0005252884615384616,0,0.75,0.75,0.0
159,512000,-911.2000465393066,-9.111999778747558,-911.2000465393066,-9.111999778747558,0.0,911.2000465393066,9.111999778747558,-101.95528888702393,-1.0195519256591794,4.512858901023865,0.0,0.0,nan,nan,nan,nan,nan,nan,nan,nan,nan,nan,5120,-0.0012572350487694895,0.015884626563638447,1.5302183389663697,-0.005107902269810438,0.07043202556669712,0.07043202556669712,0.05804338380694389,0.003065518257790245,0.023249999826657586,0.5625877380371094,1.0,0.0077067307692307695,0.0005241826923076923,0,0.75,0.75,0.0
160,515200,-803.330997467041,-8.033309845924377,-803.330997467041,-8.033309845924377,0.0,803.330997467041,8.033309845924377,5.913760185241699,0.05913800716400175,3.592417640686035,0.0,0.0,-820.2718939781189,-8.202718939781189,-820.2718939781189,-8.202718939781189,100.0,2.9469254006817938,0.0,0.0,820.2718939781189,-15.609413146972656,5152,-0.0007939892766153367,0.014396810345351696,1.5290321707725525,-0.005357369920238853,0.04800398573279381,0.04800398573279381,0.06480855718255044,0.0015691048596636393,0.0057937500299885866,0.6763274073600769,1.0,0.007692307692307693,0.0005230769230769231,0,0.75,0.75,0.0
161,518400,-946.4439325332642,-9.464439659118652,-946.4439325332642,-9.464439659118652,0.0,946.4439325332642,9.464439659118652,-137.19917488098145,-1.3719918060302732,5.191018915176391,0.0,0.0,nan,nan,nan,nan,nan,nan,nan,nan,nan,nan,5184,-0.001390511808136985,0.01756198201328516,1.5286877036094666,-0.004346608743071556,0.04875701777637005,0.04875701777637005,0.06873382665216923,0.0015496063602768117,0.00454374990076758,0.6419169902801514,1.0,0.007677884615384615,0.0005219711538461539,0,0.75,0.75,0.0
162,521600,-809.0907897949219,-8.090908107757569,-809.0907897949219,-8.090908107757569,0.0,809.0907897949219,8.090908107757569,0.15396785736083984,0.0015397453308096942,4.16163462638855,0.0,0.0,nan,nan,nan,nan,nan,nan,nan,nan,nan,nan,5216,-0.0008066804613102718,0.017981748469173907,1.5227471590042114,-0.0034853201825171707,0.04824342876672745,0.04824342876672745,0.05990981236100197,0.002283973754674662,0.010999999853083864,0.5534915924072266,1.0,0.007663461538461538,0.0005208653846153846,0,0.75,0.75,0.0
163,524800,-857.2675323486328,-8.572675085067749,-857.2675323486328,-8.572675085067749,0.0,857.2675323486328,8.572675085067749,-48.0227746963501,-0.4802272319793701,4.090622029304504,0.0,0.0,nan,nan,nan,nan,nan,nan,nan,nan,nan,nan,5248,-0.00047180280063185975,0.01134404568001628,1.5385512948036193,-0.0065682179294526575,0.03402053080499172,0.03402053080499172,0.045837655663490295,0.0009319593715190422,0.0029656249622348695,0.706514835357666,1.0,0.0076490384615384615,0.0005197596153846154,0,0.75,0.75,0.0
164,528000,-833.303463935852,-8.333034706115722,-833.303463935852,-8.333034706115722,0.0,833.303463935852,8.333034706115722,-24.058706283569336,-0.2405868530273434,4.643113088607788,0.0,0.0,nan,nan,nan,nan,nan,nan,nan,nan,nan,nan,5280,-0.0009577075292589166,0.015061869844794273,1.539469337463379,-0.005180028919130564,0.047398509830236434,0.047398509830236434,0.05617789253592491,0.0015880131148151122,0.006965625018347054,0.7232165336608887,1.0,0.007634615384615385,0.0005186538461538462,0,0.75,0.75,0.0
165,531200,-844.1806983947754,-8.441806926727295,-844.1806983947754,-8.441806926727295,0.0,844.1806983947754,8.441806926727295,-34.935940742492676,-0.34935907363891694,4.046856329441071,0.0,0.0,nan,nan,nan,nan,nan,nan,nan,nan,nan,nan,5312,-0.0011106135985697208,0.009048655163496733,1.5288245320320129,-0.008236222574487329,0.05532606579363346,0.05532606579363346,0.04519937299191952,0.0016609136189799755,0.010409374901428237,0.7327612638473511,1.0,0.007620192307692307,0.0005175480769230769,0,0.75,0.75,0.0
166,534400,-867.749852180481,-8.677498569488526,-867.749852180481,-8.677498569488526,0.0,867.749852180481,8.677498569488526,-58.50509452819824,-0.585050716400147,3.7491620922088624,0.0,0.0,nan,nan,nan,nan,nan,nan,nan,nan,nan,nan,5344,-0.0011464347217872372,0.012995258904993534,1.5212261199951171,-0.006218900019302964,0.07439950779080391,0.07439950779080391,0.052445679903030396,0.0017150958447018638,0.012824999901931733,0.7125904560089111,1.0,0.00760576923076923,0.0005164423076923077,0,0.75,0.75,0.0
167,537600,-835.0283803939819,-8.350283765792847,-835.0283803939819,-8.350283765792847,0.0,835.0283803939819,8.350283765792847,-25.78362274169922,-0.2578359127044685,3.894279215335846,0.0,0.0,nan,nan,nan,nan,nan,nan,nan,nan,nan,nan,5376,-0.00040823337398468993,0.012652254942804576,1.529983139038086,-0.005696737533435225,0.04804159738123417,0.04804159738123417,0.05609269626438618,0.0018759807353490032,0.0067749999463558195,0.7002338767051697,1.0,0.007591346153846153,0.0005153365384615385,0,0.75,0.75,0.0
168,540800,-843.3820085525513,-8.433819570541381,-843.3820085525513,-8.433819570541381,0.0,843.3820085525513,8.433819570541381,-34.137250900268555,-0.34137171745300243,4.191987428665161,0.0,0.0,nan,nan,nan,nan,nan,nan,nan,nan,nan,nan,5408,-0.000578517800672862,0.014046213869005442,1.533948588371277,-0.005178020894527435,0.038810969516634944,0.038810969516634944,0.056174850836396215,0.0008329937467351556,0.005356250019394793,0.7521514892578125,1.0,0.007576923076923077,0.0005142307692307692,0,0.75,0.75,0.0
169,544000,-820.4255237579346,-8.204255323410035,-820.4255237579346,-8.204255323410035,0.0,820.4255237579346,8.204255323410035,-11.180766105651855,-0.11180747032165606,4.253755850791931,0.0,0.0,nan,nan,nan,nan,nan,nan,nan,nan,nan,nan,5440,-0.0011525278057437304,0.008548372192308307,1.5344764113426208,-0.008482819516211748,0.05475160554051399,0.05475160554051399,0.04732307568192482,0.0020948685458279217,0.0075312501634471115,0.76409912109375,1.0,0.0075625,0.000513125,0,0.75,0.75,0.0
170,547200,-799.8945045471191,-7.998945331573486,-799.8945045471191,-7.998945331573486,0.0,799.8945045471191,7.998945331573486,9.350253105163574,0.09350252151489258,4.0215700817108155,0.0,0.0,nan,nan,nan,nan,nan,nan,nan,nan,nan,nan,5472,-0.0009718366564833048,0.01066406206227839,1.5099040508270263,-0.007036677747964859,0.06790130995213986,0.06790130995213986,0.04903151541948318,0.002057428790431004,0.014646875468315557,0.7905785441398621,1.0,0.007548076923076923,0.0005120192307692308,0,0.75,0.75,0.0
171,550400,-883.3940563201904,-8.833940620422362,-883.3940563201904,-8.833940620422362,0.0,883.3940563201904,8.833940620422362,-74.14929866790771,-0.741492767333984,4.645012001991272,0.0,0.0,nan,nan,nan,nan,nan,nan,nan,nan,nan,nan,5504,-0.0012646549651050055,0.021762561053037643,1.5216915369033814,-0.0018472715746611357,0.06004370301961899,0.06004370301961899,0.06333017498254775,0.0027137340919580312,0.021390624617561117,0.3782084584236145,1.0,0.007533653846153846,0.0005109134615384615,0,0.75,0.75,0.0
172,553600,-789.0890483856201,-7.8908905410766605,-789.0890483856201,-7.8908905410766605,0.0,789.0890483856201,7.8908905410766605,20.155709266662598,0.201557312011718,4.122063083648682,0.0,0.0,nan,nan,nan,nan,nan,nan,nan,nan,nan,nan,5536,-0.0008179290901150438,0.018816079199314117,1.5325831651687623,-0.0029337360989302396,0.047184490412473676,0.047184490412473676,0.06231364943087101,0.0015431323889060877,0.00613749994081445,0.6234097480773926,1.0,0.007519230769230769,0.0005098076923076923,0,0.75,0.75,0.0
173,556800,-861.8844594955444,-8.618844633102418,-861.8844594955444,-8.618844633102418,0.0,861.8844594955444,8.618844633102418,-52.63970184326172,-0.5263967800140392,4.380619707107544,0.0,0.0,nan,nan,nan,nan,nan,nan,nan,nan,nan,nan,5568,-0.0007963840233627728,0.023644422367215156,1.5355616927146911,-0.0004982681479305029,0.04199490025639534,0.04199490025639534,0.07377504222095013,0.001479108144849306,0.005390624899882823,0.48162680864334106,1.0,0.007504807692307693,0.0005087019230769231,0,0.75,0.75,0.0
174,560000,-871.6888675689697,-8.716889181137084,-871.6888675689697,-8.716889181137084,0.0,871.6888675689697,8.716889181137084,-62.44410991668701,-0.6244413280487056,4.0997700500488286,0.0,0.0,nan,nan,nan,nan,nan,nan,nan,nan,nan,nan,5600,-0.0005771773838146643,0.017349642515182496,1.5280111193656922,-0.003347746608778834,0.035320569574832913,0.035320569574832913,0.06196651831269264,0.0007876488576584961,0.0025812500738538803,0.7207555770874023,1.0,0.007490384615384616,0.0005075961538461538,0,0.75,0.75,0.0
175,563200,-826.5074329376221,-8.265074195861816,-826.5074329376221,-8.265074195861816,0.0,826.5074329376221,8.265074195861816,-17.262675285339355,-0.17262634277343736,3.8036935043334963,0.0,0.0,nan,nan,nan,nan,nan,nan,nan,nan,nan,nan,5632,-0.0011127833985839608,0.015848633646965028,1.5253823757171632,-0.00459216651506722,0.05226920209825039,0.05226920209825039,0.06563950292766094,0.0016858963324921205,0.008293750042503234,0.5941780805587769,1.0,0.007475961538461539,0.0005064903846153846,0,0.75,0.75,0.0
176,566400,-777.460615158081,-7.7746061420440675,-777.460615158081,-7.7746061420440675,0.0,777.460615158081,7.7746061420440675,31.78414249420166,0.317841711044311,4.0387045097351075,0.0,0.0,nan,nan,nan,nan,nan,nan,nan,nan,nan,nan,5664,-0.0009914336996386553,0.010237823706120253,1.5142080783843994,-0.00717084389179945,0.04715109579265118,0.04715109579265118,0.04838030487298965,0.0017888982678414323,0.008862499997485429,0.7835111021995544,1.0,0.007461538461538461,0.0005053846153846154,0,0.75,0.75,0.0
177,569600,-802.193717956543,-8.021937127113342,-802.193717956543,-8.021937127113342,0.0,802.193717956543,8.021937127113342,7.051039695739746,0.07051072597503705,3.785065841674805,0.0,0.0,nan,nan,nan,nan,nan,nan,nan,nan,nan,nan,5696,-0.0007938146177359328,0.015096696745604276,1.5193669319152832,-0.00456036739051342,0.0378666814416647,0.0378666814416647,0.0502215638756752,0.0011179836437804624,0.004146874992875383,0.631903886795044,1.0,0.0074471153846153845,0.0005042788461538461,0,0.75,0.75,0.0
178,572800,-821.9469032287598,-8.219469289779664,-821.9469032287598,-8.219469289779664,0.0,821.9469032287598,8.219469289779664,-12.70214557647705,-0.12702143669128496,3.650821568965912,0.0,0.0,nan,nan,nan,nan,nan,nan,nan,nan,nan,nan,5728,-0.0010043314826965854,0.0098515123128891,1.5301225543022157,-0.007451505353674293,0.045724160596728326,0.045724160596728326,0.04785579890012741,0.0014903689094353466,0.008987500017974525,0.7506153583526611,1.0,0.007432692307692308,0.000503173076923077,0,0.75,0.75,0.0
179,576000,-805.4085502624512,-8.054085378646851,-805.4085502624512,-8.054085378646851,0.0,805.4085502624512,8.054085378646851,3.836207389831543,0.03836247444152718,4.186766896247864,0.0,0.0,nan,nan,nan,nan,nan,nan,nan,nan,nan,nan,5760,-0.0016994827017420722,0.014582962449640035,1.540683138370514,-0.005837203795090317,0.054371269419789314,0.054371269419789314,0.05726090744137764,0.0023959486017702146,0.021681250209803694,0.6974474191665649,1.0,0.007418269230769231,0.0005020673076923078,0,0.75,0.75,0.0
180,579200,-879.9567413330078,-8.799567804336547,-879.9567413330078,-8.799567804336547,0.0,879.9567413330078,8.799567804336547,-70.7119836807251,-0.7071199512481687,4.27562451839447,0.0,0.0,-784.1602311134338,-7.841602311134339,-784.1602311134338,-7.841602311134339,100.0,3.682142236381769,0.0,0.0,784.1602311134338,20.502249717712402,5792,-0.001413154704694175,0.019271574448794127,1.5459762811660767,-0.0032235383056104182,0.060391589999198914,0.060391589999198914,0.06276925057172775,0.0025718052631418685,0.01630312503548339,0.6727631092071533,1.0,0.007403846153846154,0.0005009615384615384,0,0.75,0.75,0.0
181,582400,-836.5875692367554,-8.36587553024292,-836.5875692367554,-8.36587553024292,0.0,836.5875692367554,8.36587553024292,-27.342811584472656,-0.2734276771545421,4.02343487739563,0.0,0.0,nan,nan,nan,nan,nan,nan,nan,nan,nan,nan,5824,-0.001073638068349103,0.009359412174671889,1.5648796081542968,-0.00795748932287097,0.06466527879238129,0.06466527879238129,0.04343971386551857,0.0028043062666256446,0.020228125056019054,0.7945370078086853,1.0,0.007389423076923076,0.0004998557692307693,0,0.75,0.75,0.0
182,585600,-822.4159383773804,-8.224159688949586,-822.4159383773804,-8.224159688949586,0.0,822.4159383773804,8.224159688949586,-13.171180725097656,-0.13171183586120705,4.446839027404785,0.0,0.0,nan,nan,nan,nan,nan,nan,nan,nan,nan,nan,5856,-0.0007853980216430522,0.028479540534317494,1.5652929544448853,0.0019103367812931538,0.040617300942540166,0.040617300942540166,0.08128343299031257,0.001666823698906228,0.0066281250008614736,0.4566671848297119,1.0,0.007375,0.00049875,0,0.75,0.75,0.0
183,588800,-885.1861925125122,-8.85186198234558,-885.1861925125122,-8.85186198234558,0.0,885.1861925125122,8.85186198234558,-75.94143486022949,-0.7594141292572019,3.6171095824241637,0.0,0.0,nan,nan,nan,nan,nan,nan,nan,nan,nan,nan,5888,-0.0013231116211390947,0.01969328597187996,1.5465206623077392,-0.002859753416851163,0.06225678324699402,0.06225678324699402,0.07024087198078632,0.0028975141154660377,0.024390625263913536,0.7065166234970093,1.0,0.007360576923076923,0.0004976442307692308,0,0.75,0.75,0.0
184,592000,-793.5200471878052,-7.93520071029663,-793.5200471878052,-7.93520071029663,0.0,793.5200471878052,7.93520071029663,15.724710464477539,0.15724714279174812,3.510184016227722,0.0,0.0,nan,nan,nan,nan,nan,nan,nan,nan,nan,nan,5920,-0.0004007583916391333,0.01278677424415946,1.5591250658035278,-0.005460943700745702,0.031234930083155633,0.031234930083155633,0.059670475870370866,0.0015318423815188,0.004612500077564618,0.7252441048622131,1.0,0.007346153846153846,0.0004965384615384616,0,0.75,0.75,0.0
185,595200,-826.3284206390381,-8.263283967971802,-826.3284206390381,-8.263283967971802,0.0,826.3284206390381,8.263283967971802,-17.08366298675537,-0.1708361148834232,4.050209801197052,0.0,0.0,nan,nan,nan,nan,nan,nan,nan,nan,nan,nan,5952,-0.0011143973329220459,0.019415960181504488,1.5493735671043396,-0.0027660070918500423,0.04469436444342136,0.04469436444342136,0.06411936171352864,0.0019331537463585847,0.004921875054424163,0.38413429260253906,1.0,0.007331730769230769,0.0004954326923076924,0,0.75,0.75,0.0
186,598400,-874.3902263641357,-8.743902320861816,-874.3902263641357,-8.743902320861816,0.0,874.3902263641357,8.743902320861816,-65.14546871185303,-0.6514544677734371,4.5851919460296635,0.0,0.0,nan,nan,nan,nan,nan,nan,nan,nan,nan,nan,5984,-0.0012467351940111282,0.020567547902464865,1.544846737384796,-0.002267080545425415,0.07423039115965366,0.07423039115965366,0.05898487940430641,0.0022543627746927086,0.021496874873992055,0.6351362466812134,1.0,0.007317307692307692,0.0004943269230769231,0,0.75,0.75,0.0
187,601600,-796.8729677200317,-7.968729634284973,-796.8729677200317,-7.968729634284973,0.0,796.8729677200317,7.968729634284973,12.371789932250977,0.12371821880340583,3.9820764374732973,0.0,0.0,nan,nan,nan,nan,nan,nan,nan,nan,nan,nan,6016,-0.0008485211080463628,0.014684542175382375,1.544057881832123,-0.004782326426357031,0.0636664267629385,0.0636664267629385,0.05034267790615558,0.002710596528777387,0.021078125211352015,0.6364530920982361,1.0,0.007302884615384616,0.0004932211538461539,0,0.75,0.75,0.0
188,604800,-878.4492845535278,-8.784492664337158,-878.4492845535278,-8.784492664337158,0.0,878.4492845535278,8.784492664337158,-69.20452690124512,-0.6920448112487794,5.096969332695007,0.0,0.0,nan,nan,nan,nan,nan,nan,nan,nan,nan,nan,6048,-0.0010559309117030402,0.016361177340149878,1.5405235767364502,-0.004103389149531722,0.04701607562601566,0.04701607562601566,0.05398993417620659,0.0019791225662629587,0.010712500030058436,0.6845933794975281,1.0,0.007288461538461539,0.0004921153846153847,0,0.75,0.75,0.0
189,608000,-902.7021245956421,-9.027021398544312,-902.7021245956421,-9.027021398544312,0.0,902.7021245956421,9.027021398544312,-93.45736694335938,-0.9345735454559332,4.960757794380188,0.0,0.0,nan,nan,nan,nan,nan,nan,nan,nan,nan,nan,6080,-0.0010390510503901496,0.026710782386362552,1.5466212034225464,0.0010661574080586434,0.03894043676555157,0.03894043676555157,0.06944327317178249,0.0011953713212278672,0.0024156249972293155,0.35691648721694946,1.0,0.007274038461538462,0.0004910096153846154,0,0.75,0.75,0.0
190,611200,-749.0660552978516,-7.490660624504089,-749.0660552978516,-7.490660624504089,0.0,749.0660552978516,7.490660624504089,60.17870235443115,0.6017872285842891,4.083315682411194,0.0,0.0,nan,nan,nan,nan,nan,nan,nan,nan,nan,nan,6112,-0.0010733111841719988,0.01491944445297122,1.5309951663017274,-0.004728024592623115,0.05912547111511231,0.05912547111511231,0.060557715222239496,0.0014606653596274555,0.011643750080838799,0.5289148688316345,1.0,0.007259615384615385,0.0004899038461538462,0,0.75,0.75,0.0
191,614400,-783.6266050338745,-7.836266140937806,-783.6266050338745,-7.836266140937806,0.0,783.6266050338745,7.836266140937806,25.618152618408203,0.25618171215057295,3.842441635131836,0.0,0.0,nan,nan,nan,nan,nan,nan,nan,nan,nan,nan,6144,-0.0014516524911742045,0.015299337729811669,1.5433744549751283,-0.0049840284045785666,0.06073070280253887,0.06073070280253887,0.04814587607979774,0.0027375142512028106,0.01981874983466696,0.6414215564727783,1.0,0.0072451923076923075,0.0004887980769230769,0,0.75,0.75,0.0
192,617600,-894.6443777084351,-8.946443529129029,-894.6443777084351,-8.946443529129029,0.0,894.6443777084351,8.946443529129029,-85.39962005615234,-0.8539956760406504,5.007958912849427,0.0,0.0,nan,nan,nan,nan,nan,nan,nan,nan,nan,nan,6176,-0.0006976883448587045,0.021344678290188313,1.555985689163208,-0.001276322780176997,0.04011785201728344,0.04011785201728344,0.06072443537414074,0.001005651026571286,0.0019406250125030057,0.5349667072296143,1.0,0.00723076923076923,0.0004876923076923077,0,0.75,0.75,0.0
193,620800,-776.1192388534546,-7.76119222164154,-776.1192388534546,-7.76119222164154,0.0,776.1192388534546,7.76119222164154,33.125518798828125,0.33125563144683845,4.061634421348572,0.0,0.0,nan,nan,nan,nan,nan,nan,nan,nan,nan,nan,6208,-0.0005405557713093146,0.016334064956754445,1.5642137408256531,-0.003661430859938264,0.03541719187051058,0.03541719187051058,0.051304814964532854,0.0013536065074731597,0.003040624925051816,0.6589463353157043,1.0,0.007216346153846153,0.0004865865384615385,0,0.75,0.75,0.0
194,624000,-829.1275978088379,-8.291276025772095,-829.1275978088379,-8.291276025772095,0.0,829.1275978088379,8.291276025772095,-19.882840156555176,-0.1988281726837169,3.979233205318451,0.0,0.0,nan,nan,nan,nan,nan,nan,nan,nan,nan,nan,6240,-0.001161783973185848,0.020608611032366754,1.5510968685150146,-0.002028358867391944,0.06553094387054444,0.06553094387054444,0.06709959842264653,0.002496272064308869,0.016278125141980127,0.5448334217071533,1.0,0.007201923076923076,0.0004854807692307692,0,0.75,0.75,0.0
195,627200,-846.4405136108398,-8.464404811859131,-846.4405136108398,-8.464404811859131,0.0,846.4405136108398,8.464404811859131,-37.19575595855713,-0.3719569587707525,4.6472151708602905,0.0,0.0,nan,nan,nan,nan,nan,nan,nan,nan,nan,nan,6272,-0.0015207869983511091,0.016152945719659327,1.5305966019630433,-0.004445477295666933,0.0496696449816227,0.0496696449816227,0.05469812862575054,0.0027426635766460094,0.007068749876634683,0.584803581237793,1.0,0.0071874999999999994,0.000484375,0,0.75,0.75,0.0
196,630400,-768.5739078521729,-7.685738959312439,-768.5739078521729,-7.685738959312439,0.0,768.5739078521729,7.685738959312439,40.67084980010986,0.40670889377593955,3.259569916725159,0.0,0.0,nan,nan,nan,nan,nan,nan,nan,nan,nan,nan,6304,-0.0005948365402437261,0.01047157058492303,1.5266932606697083,-0.006310139177367091,0.03298468813300133,0.03298468813300133,0.03785802200436592,0.0014158158308418933,0.005518750034389086,0.786770761013031,1.0,0.007173076923076923,0.0004832692307692308,0,0.75,0.75,0.0
197,633600,-814.5491647720337,-8.145491156578064,-814.5491647720337,-8.145491156578064,0.0,814.5491647720337,8.145491156578064,-5.304407119750977,-0.053043303489685556,3.7509435057640075,0.0,0.0,nan,nan,nan,nan,nan,nan,nan,nan,nan,nan,6336,-0.0008549605196282783,0.021918098069727422,1.5405074119567872,-0.0009238705039024353,0.04919679723680019,0.04919679723680019,0.05950501337647438,0.0009767274306796026,0.0023968749883351848,0.6856787204742432,1.0,0.007158653846153846,0.00048216346153846155,0,0.75,0.75,0.0
198,636800,-773.4128561019897,-7.734128556251526,-773.4128561019897,-7.734128556251526,0.0,773.4128561019897,7.734128556251526,35.83190155029297,0.3583192968368527,3.822665910720825,0.0,0.0,nan,nan,nan,nan,nan,nan,nan,nan,nan,nan,6368,-0.0006104570263284259,0.011439360119402409,1.5393845915794373,-0.0058884958270937204,0.03917939998209476,0.03917939998209476,0.047791019454598425,0.0008364347104361514,0.001965625000593718,0.7351919412612915,1.0,0.007144230769230769,0.0004810576923076923,0,0.75,0.75,0.0
199,640000,-802.224760055542,-8.022247467041016,-802.224760055542,-8.022247467041016,0.0,802.224760055542,8.022247467041016,7.019997596740723,0.07020038604736278,3.9833777070045473,0.0,0.0,nan,nan,nan,nan,nan,nan,nan,nan,nan,nan,6400,-0.0010009306085763114,0.013982302322983742,1.5534762263298034,-0.005085765989497304,0.07684732861816883,0.07684732861816883,0.051199671998620036,0.0024349739149329254,0.01664375028849463,0.6703090071678162,1.0,0.007129807692307692,0.0004799519230769231,0,0.75,0.75,0.0
200,643200,-716.614520072937,-7.1661450386047365,-716.614520072937,-7.1661450386047365,0.0,716.614520072937,7.1661450386047365,92.6302375793457,0.926302814483642,3.2418604493141174,0.0,0.0,-712.2559499740601,-7.122559499740601,-712.2559499740601,-7.122559499740601,100.0,2.876298735886812,0.0,0.0,712.2559499740601,92.40653085708618,6432,-0.0009969928858918563,0.023214101046323776,1.550727081298828,-0.00042396187782287595,0.04127456247806549,0.04127456247806549,0.061990867182612416,0.001905123229516903,0.006815624999217107,0.5449445247650146,1.0,0.007115384615384615,0.0004788461538461538,0,0.75,0.75,0.0
201,646400,-877.520956993103,-8.775209455490112,-877.520956993103,-8.775209455490112,0.0,877.520956993103,8.775209455490112,-68.27619934082031,-0.6827616024017331,4.559607214927674,0.0,0.0,nan,nan,nan,nan,nan,nan,nan,nan,nan,nan,6464,-0.0011416419359273177,0.01744101969525218,1.543618619441986,-0.003382308641448617,0.04586223289370537,0.04586223289370537,0.05506548397243023,0.0019433382782153784,0.008606249932199717,0.6050809621810913,1.0,0.007100961538461539,0.0004777403846153846,0,0.75,0.75,0.0
202,649600,-805.6153583526611,-8.056153616905213,-805.6153583526611,-8.056153616905213,0.0,805.6153583526611,8.056153616905213,3.629399299621582,0.036294236183165296,3.595300235748291,0.0,0.0,nan,nan,nan,nan,nan,nan,nan,nan,nan,nan,6496,-0.0007209912770893334,0.012572683207690716,1.5316375494003296,-0.0052886577788740395,0.03894690200686455,0.03894690200686455,0.045505379885435106,0.0014398911953321658,0.00632812501717126,0.6390044689178467,1.0,0.007086538461538462,0.00047663461538461537,0,0.75,0.75,0.0
203,652800,-746.0938453674316,-7.460938620567322,-746.0938453674316,-7.460938620567322,0.0,746.0938453674316,7.460938620567322,63.150912284851074,0.631509232521057,2.9071211886405943,0.0,0.0,nan,nan,nan,nan,nan,nan,nan,nan,nan,nan,6528,-0.0010453373792639552,0.019016681239008904,1.5137734532356262,-0.002242577262222767,0.048368803411722186,0.048368803411722186,0.05761097930371761,0.0013767965261649805,0.010812499755411408,0.47672128677368164,1.0,0.007072115384615385,0.0004755288461538461,0,0.75,0.75,0.0
204,656000,-768.7220458984375,-7.687220501899719,-768.7220458984375,-7.687220501899719,0.0,768.7220458984375,7.687220501899719,40.522711753845215,0.4052273511886595,4.150286378860474,0.0,0.0,nan,nan,nan,nan,nan,nan,nan,nan,nan,nan,6560,-0.0011423288825433754,0.028758801892399787,1.512797725200653,0.0025602112524211406,0.0459967065602541,0.0459967065602541,0.06687156073749065,0.002066348626249237,0.009234375029336661,0.39469271898269653,1.0,0.007057692307692307,0.0004744230769230769,0,0.75,0.75,0.0
205,659200,-806.6170024871826,-8.066170258522034,-806.6170024871826,-8.066170258522034,0.0,806.6170024871826,8.066170258522034,2.6277551651000977,0.02627759456634493,3.8039792728424073,0.0,0.0,nan,nan,nan,nan,nan,nan,nan,nan,nan,nan,6592,-0.0009154011748963242,0.017764676082879304,1.4971022605895996,-0.0025775577407330273,0.047716325148940086,0.047716325148940086,0.04999777637422085,0.002581893719616346,0.008593749714782462,0.5743216276168823,1.0,0.0070432692307692306,0.00047331730769230773,0,0.75,0.75,0.0
206,662400,-862.9490232467651,-8.629490461349487,-862.9490232467651,-8.629490461349487,0.0,862.9490232467651,8.629490461349487,-53.70426559448242,-0.5370426082611086,4.663616309165954,0.0,0.0,nan,nan,nan,nan,nan,nan,nan,nan,nan,nan,6624,-0.0006206575108328227,0.021470438130199908,1.49178706407547,-0.0003709801472723484,0.03269010875374079,0.03269010875374079,0.056749467924237254,0.0009284030275011901,0.0029812499109539204,0.4715413451194763,1.0,0.007028846153846154,0.0004722115384615385,0,0.75,0.75,0.0
207,665600,-775.653862953186,-7.756538696289063,-775.653862953186,-7.756538696289063,0.0,775.653862953186,7.756538696289063,33.59089469909668,0.33590915679931577,3.5592199182510376,0.0,0.0,nan,nan,nan,nan,nan,nan,nan,nan,nan,nan,6656,-0.0006927516045339921,0.015333839599043131,1.4962729811668396,-0.003521323623135686,0.035980486497282985,0.035980486497282985,0.05198863558471203,0.0006954534559554304,0.0027343750596628526,0.6991852521896362,1.0,0.007014423076923077,0.00047110576923076923,0,0.75,0.75,0.0
208,668800,-752.9499845504761,-7.529500122070313,-752.9499845504761,-7.529500122070313,0.0,752.9499845504761,7.529500122070313,56.29477310180664,0.5629477310180659,3.422322697639465,0.0,0.0,nan,nan,nan,nan,nan,nan,nan,nan,nan,nan,6688,-0.000758953848015409,0.01560520837083459,1.5072726368904115,-0.0035072586499154566,0.034397782385349275,0.034397782385349275,0.04936177432537079,0.0014793893948080949,0.004668750083874329,0.6843651533126831,1.0,0.007,0.00047000000000000004,0,0.75,0.75,0.0
209,672000,-748.978404045105,-7.489784154891968,-748.978404045105,-7.489784154891968,0.0,748.978404045105,7.489784154891968,60.266353607177734,0.6026636981964106,3.2425457358360292,0.0,0.0,nan,nan,nan,nan,nan,nan,nan,nan,nan,nan,6720,-0.0010328289710567872,0.011055265925824643,1.5151957035064698,-0.006089712120592594,0.054868044704198836,0.054868044704198836,0.04137733392417431,0.002238543253770331,0.011190624737355392,0.709527850151062,1.0,0.006985576923076923,0.0004688942307692308,0,0.75,0.75,0.0
210,675200,-773.7675914764404,-7.7376758480072025,-773.7675914764404,-7.7376758480072025,0.0,773.7675914764404,7.7376758480072025,35.477166175842285,0.354772005081176,4.151340551376343,0.0,0.0,nan,nan,nan,nan,nan,nan,nan,nan,nan,nan,6752,-0.000571997832855331,0.014947401825338602,1.499269962310791,-0.0035499385092407467,0.04005560427904129,0.04005560427904129,0.04630929678678512,0.0005444466853077757,0.0007437500127707608,0.7216037511825562,1.0,0.006971153846153846,0.00046778846153846154,0,0.75,0.75,0.0
211,678400,-756.4022750854492,-7.564023146629333,-756.4022750854492,-7.564023146629333,0.0,756.4022750854492,7.564023146629333,52.842482566833496,0.5284247064590453,3.861449065208435,0.0,0.0,nan,nan,nan,nan,nan,nan,nan,nan,nan,nan,6784,-0.001011223002383499,0.01997512336820364,1.505212950706482,-0.0014950228855013848,0.05562640130519867,0.05562640130519867,0.05956478752195835,0.0025132569724519273,0.019278125173877926,0.6627748012542725,1.0,0.006956730769230769,0.0004666826923076923,0,0.75,0.75,0.0
212,681600,-806.6992273330688,-8.066992416381837,-806.6992273330688,-8.066992416381837,0.0,806.6992273330688,8.066992416381837,2.545530319213867,0.025455436706542045,4.15780770778656,0.0,0.0,nan,nan,nan,nan,nan,nan,nan,nan,nan,nan,6816,-0.0007543153267702607,0.011638751346617937,1.5045727014541626,-0.005380146112293005,0.04330869279801845,0.04330869279801845,0.04700741842389107,0.0009298641787609085,0.004509374998451676,0.717808723449707,1.0,0.006942307692307692,0.00046557692307692305,0,0.75,0.75,0.0
213,684800,-793.5844812393188,-7.935844531059265,-793.5844812393188,-7.935844531059265,0.0,793.5844812393188,7.935844531059265,15.660276412963867,0.1566033220291132,4.2868869018554685,0.0,0.0,nan,nan,nan,nan,nan,nan,nan,nan,nan,nan,6848,-0.0012092765435401276,0.016743678506463765,1.4892006278038026,-0.003154447488486767,0.05475040152668953,0.05475040152668953,0.05444320663809776,0.0013511373319488485,0.00450937490677461,0.6055088043212891,1.0,0.006927884615384615,0.00046447115384615385,0,0.75,0.75,0.0
214,688000,-919.0705060958862,-9.190705547332763,-919.0705060958862,-9.190705547332763,0.0,919.0705060958862,9.190705547332763,-109.82574844360352,-1.098257694244385,4.764160785675049,0.0,0.0,nan,nan,nan,nan,nan,nan,nan,nan,nan,nan,6880,-0.0011237958029960194,0.026394464075565338,1.4709866285324096,0.0019038264639675618,0.068251234292984,0.068251234292984,0.07050515152513981,0.002371620311168954,0.016650000005029142,0.3834995627403259,1.0,0.0069134615384615385,0.0004633653846153846,0,0.75,0.75,0.0
215,691200,-768.3020963668823,-7.683021020889282,-768.3020963668823,-7.683021020889282,0.0,768.3020963668823,7.683021020889282,40.94266128540039,0.40942683219909615,3.90311407327652,0.0,0.0,nan,nan,nan,nan,nan,nan,nan,nan,nan,nan,6912,-0.0008517698490759784,0.014744676649570465,1.4650646567344665,-0.0035869686398655176,0.044681889563798906,0.044681889563798906,0.04617845751345158,0.002342160830448847,0.01006249994825339,0.6594361662864685,1.0,0.006899038461538462,0.00046225961538461536,0,0.75,0.75,0.0
216,694400,-771.3194665908813,-7.71319477558136,-771.3194665908813,-7.71319477558136,0.0,771.3194665908813,7.71319477558136,37.92529106140137,0.37925307750701887,3.8960020565986633,0.0,0.0,nan,nan,nan,nan,nan,nan,nan,nan,nan,nan,6944,-0.0006849488288397154,0.014940096065402031,1.4897240996360779,-0.0034710781183093786,0.03718792404979467,0.03718792404979467,0.04566824957728386,0.0013904737304983427,0.006243749986606417,0.6986671090126038,1.0,0.006884615384615385,0.00046115384615384616,0,0.75,0.75,0.0
217,697600,-858.1449632644653,-8.58144944190979,-858.1449632644653,-8.58144944190979,0.0,858.1449632644653,8.58144944190979,-48.90020561218262,-0.4890015888214112,3.8892892456054686,0.0,0.0,nan,nan,nan,nan,nan,nan,nan,nan,nan,nan,6976,-0.0009591258694300997,0.016543706599622964,1.4911572933197021,-0.0029318103566765784,0.04594329185783863,0.04594329185783863,0.05387630946934223,0.0015321850489272038,0.007412499892961932,0.641961932182312,1.0,0.006870192307692308,0.00046004807692307697,0,0.75,0.75,0.0
218,700800,-892.933666229248,-8.92933669090271,-892.933666229248,-8.92933669090271,0.0,892.933666229248,8.92933669090271,-83.68890857696533,-0.8368888378143318,3.912371175289154,0.0,0.0,nan,nan,nan,nan,nan,nan,nan,nan,nan,nan,7008,-0.000806589107209632,0.02790381982922554,1.4912727355957032,0.002921499218791723,0.052060152590274814,0.052060152590274814,0.06727565601468086,0.002021650491951732,0.013381250121165067,0.360213041305542,1.0,0.006855769230769231,0.0004589423076923077,0,0.75,0.75,0.0
219,704000,-812.2443428039551,-8.122443947792053,-812.2443428039551,-8.122443947792053,0.0,812.2443428039551,8.122443947792053,-2.9995851516723633,-0.029996094703674814,3.5372797513008116,0.0,0.0,nan,nan,nan,nan,nan,nan,nan,nan,nan,nan,7040,-0.0006365112771287374,0.021895292215049267,1.5024765372276305,3.21726780384779e-05,0.04109879471361637,0.04109879471361637,0.06335070952773095,0.0009353188888781006,0.003331250004703179,0.3622570037841797,1.0,0.0068413461538461545,0.00045783653846153847,0,0.75,0.75,0.0
220,707200,-743.170955657959,-7.431709413528442,-743.170955657959,-7.431709413528442,0.0,743.170955657959,7.431709413528442,66.07380199432373,0.6607384395599363,3.337948887348175,0.0,0.0,-719.4356037378311,-7.194356037378311,-719.4356037378311,-7.194356037378311,100.0,3.3550219862535595,0.0,0.0,719.4356037378311,85.22687709331512,7072,-0.0008406794223702718,0.017328317929059266,1.4977375268936157,-0.002401459449902177,0.03781548403203487,0.03781548403203487,0.04658849202096462,0.0017734033775923309,0.007100000069476664,0.5277698040008545,1.0,0.006826923076923076,0.0004567307692307692,0,0.75,0.75,0.0
221,710400,-731.5750665664673,-7.315750756263733,-731.5750665664673,-7.315750756263733,0.0,731.5750665664673,7.315750756263733,77.66969108581543,0.7766970968246456,3.915695905685425,0.0,0.0,nan,nan,nan,nan,nan,nan,nan,nan,nan,nan,7104,-0.0010656998437363896,0.017470215912908316,1.4970836400985719,-0.002529474114999175,0.04649917334318161,0.04649917334318161,0.05165033303201198,0.0013423302538285498,0.007262499965145252,0.6333150863647461,1.0,0.006812499999999999,0.000455625,0,0.75,0.75,0.0
222,713600,-804.9305200576782,-8.049305410385132,-804.9305200576782,-8.049305410385132,0.0,804.9305200576782,8.049305410385132,4.314237594604492,0.043142442703246076,3.697026264667511,0.0,0.0,nan,nan,nan,nan,nan,nan,nan,nan,nan,nan,7136,-0.0010735725501668457,0.02109837010502815,1.4732323050498963,-0.0005395338870584965,0.06946412660181522,0.06946412660181522,0.05801706500351429,0.0012257350332220084,0.004518749966518953,0.4681078791618347,1.0,0.006798076923076922,0.0004545192307692308,0,0.75,0.75,0.0
223,716800,-758.1084861755371,-7.58108494758606,-758.1084861755371,-7.58108494758606,0.0,758.1084861755371,7.58108494758606,51.136271476745605,0.5113629055023186,3.730512034893036,0.0,0.0,nan,nan,nan,nan,nan,nan,nan,nan,nan,nan,7168,-0.0009427845525438628,0.012977992556989193,1.4695139169692992,-0.004422462126240134,0.03976104520261288,0.03976104520261288,0.04235769845545292,0.0016024468153773342,0.0069656249601393935,0.7522400617599487,1.0,0.0067836538461538455,0.00045341346153846153,0,0.75,0.75,0.0
224,720000,-836.122838973999,-8.361228523254395,-836.122838973999,-8.361228523254395,0.0,836.122838973999,8.361228523254395,-26.87808132171631,-0.2687806701660165,4.543113327026367,0.0,0.0,nan,nan,nan,nan,nan,nan,nan,nan,nan,nan,7200,-0.0010746576083707992,0.018244532216340304,1.47516428232193,-0.0019381186924874783,0.0404118787497282,0.0404118787497282,0.04421857483685017,0.001773888485331554,0.010290624981280416,0.5409716367721558,1.0,0.006769230769230769,0.0004523076923076923,0,0.75,0.75,0.0
225,723200,-747.6966743469238,-7.476966938972473,-747.6966743469238,-7.476966938972473,0.0,747.6966743469238,7.476966938972473,61.54808330535889,0.6154809141159054,3.637659285068512,0.0,0.0,nan,nan,nan,nan,nan,nan,nan,nan,nan,nan,7232,-0.000691935183834147,0.017901618964970112,1.4833600878715516,-0.0017609376925975084,0.0360177181661129,0.0360177181661129,0.04734961315989494,0.0011692364911141339,0.004206249976050458,0.5004968047142029,1.0,0.006754807692307692,0.0004512019230769231,0,0.75,0.75,0.0
226,726400,-788.5039873123169,-7.8850399780273435,-788.5039873123169,-7.8850399780273435,0.0,788.5039873123169,7.8850399780273435,20.74077033996582,0.20740787506103509,4.1480189275741575,0.0,0.0,nan,nan,nan,nan,nan,nan,nan,nan,nan,nan,7264,-0.001246989818807931,0.018279895279556514,1.480270218849182,-0.002084633149206638,0.05370432734489441,0.05370432734489441,0.051309361681342126,0.0016564514422498177,0.013403124842443503,0.6028931140899658,1.0,0.006740384615384615,0.00045009615384615384,0,0.75,0.75,0.0
227,729600,-773.9903573989868,-7.739903573989868,-773.9903573989868,-7.739903573989868,0.0,773.9903573989868,7.739903573989868,35.2544002532959,0.3525442790985105,3.6477252626419068,0.0,0.0,nan,nan,nan,nan,nan,nan,nan,nan,nan,nan,7296,-0.0009553073170478043,0.013861631881445647,1.478541946411133,-0.003969107335433364,0.046469191834330556,0.046469191834330556,0.04838923551142216,0.0015804242473677732,0.007293750043027103,0.6424232721328735,1.0,0.006725961538461538,0.00044899038461538465,0,0.75,0.75,0.0
228,732800,-759.8453950881958,-7.598453621864319,-759.8453950881958,-7.598453621864319,0.0,759.8453950881958,7.598453621864319,49.399362564086914,0.4939942312240593,3.55833705663681,0.0,0.0,nan,nan,nan,nan,nan,nan,nan,nan,nan,nan,7328,-0.000976820480241436,0.019446308072656394,1.493657910823822,-0.0012784091290086509,0.03162630703300238,0.03162630703300238,0.052553727850317956,0.0010568196932581487,0.0028406250581610947,0.5243847370147705,1.0,0.0067115384615384615,0.0004478846153846154,0,0.75,0.75,0.0
229,736000,-781.5454740524292,-7.815454883575439,-781.5454740524292,-7.815454883575439,0.0,781.5454740524292,7.815454883575439,27.699283599853516,0.27699296951293917,3.748463981151581,0.0,0.0,nan,nan,nan,nan,nan,nan,nan,nan,nan,nan,7360,-0.0007686563402647062,0.01880359770730138,1.4955352067947387,-0.0013826294336467982,0.03545079156756401,0.03545079156756401,0.05456943586468697,0.001414884028781671,0.00789062496041879,0.6184874773025513,1.0,0.006697115384615385,0.00044677884615384615,0,0.75,0.75,0.0
230,739200,-799.2851448059082,-7.992851428985595,-799.2851448059082,-7.992851428985595,0.0,799.2851448059082,7.992851428985595,9.959612846374512,0.09959642410278313,3.6136042737960814,0.0,0.0,nan,nan,nan,nan,nan,nan,nan,nan,nan,nan,7392,-0.0007671235288492894,0.01580015365034342,1.4958675622940063,-0.002863469021394849,0.037578210979700086,0.037578210979700086,0.04422991089522839,0.0017666935980741982,0.009959375023026951,0.6432472467422485,1.0,0.006682692307692308,0.0004456730769230769,0,0.75,0.75,0.0
231,742400,-846.6203231811523,-8.466203155517578,-846.6203231811523,-8.466203155517578,0.0,846.6203231811523,8.466203155517578,-37.37556552886963,-0.3737553024291991,4.681583614349365,0.0,0.0,nan,nan,nan,nan,nan,nan,nan,nan,nan,nan,7424,-0.0009577886560699023,0.022132251225411893,1.4968172669410706,0.00012715663760900497,0.047523708269000056,0.047523708269000056,0.048013626039028166,0.0010979771466736565,0.004887500048062066,0.6698024868965149,1.0,0.00666826923076923,0.0004445673076923077,0,0.75,0.75,0.0
232,745600,-826.3186550140381,-8.26318675994873,-826.3186550140381,-8.26318675994873,0.0,826.3186550140381,8.26318675994873,-17.07389736175537,-0.1707389068603522,3.928015968799591,0.0,0.0,nan,nan,nan,nan,nan,nan,nan,nan,nan,nan,7456,-0.0015406252036569868,0.017392023280262948,1.5132152915000916,-0.0029133152682334186,0.05953197591006756,0.05953197591006756,0.05161161497235298,0.002478085117036244,0.021359375473912222,0.5689284801483154,1.0,0.006653846153846153,0.00044346153846153846,0,0.75,0.75,0.0
233,748800,-878.7538986206055,-8.787539138793946,-878.7538986206055,-8.787539138793946,0.0,878.7538986206055,8.787539138793946,-69.50914096832275,-0.6950912857055673,5.001870770454406,0.0,0.0,nan,nan,nan,nan,nan,nan,nan,nan,nan,nan,7488,-0.0007942231195425364,0.019472862035036086,1.5165727734565735,-0.0011269601061940193,0.0421272736042738,0.0421272736042738,0.05020071677863598,0.001581377054026234,0.007584375177975744,0.5978958010673523,1.0,0.006639423076923077,0.0004423557692307692,0,0.75,0.75,0.0
234,752000,-889.9428663253784,-8.899428033828736,-889.9428663253784,-8.899428033828736,0.0,889.9428663253784,8.899428033828736,-80.6981086730957,-0.8069801807403572,4.779322943687439,0.0,0.0,nan,nan,nan,nan,nan,nan,nan,nan,nan,nan,7520,-0.0008829946759854934,0.02535728793591261,1.5422817468643188,0.0015780326910316944,0.03936972115188837,0.03936972115188837,0.06706893108785153,0.0010951542208204046,0.004803124989848584,0.4741619825363159,1.0,0.006625,0.00044125,0,0.75,0.75,0.0
235,755200,-782.8513822555542,-7.82851345539093,-782.8513822555542,-7.82851345539093,0.0,782.8513822555542,7.82851345539093,26.393375396728516,0.2639343976974482,4.121736769676208,0.0,0.0,nan,nan,nan,nan,nan,nan,nan,nan,nan,nan,7552,-0.001252569351624698,0.017003724351525307,1.537457323074341,-0.002914187265560031,0.06347877793014049,0.06347877793014049,0.05045522674918175,0.0030483383816317655,0.02580000001908047,0.3514143228530884,1.0,0.006610576923076923,0.00044014423076923077,0,0.75,0.75,0.0
236,758400,-833.3211851119995,-8.333211698532104,-833.3211851119995,-8.333211698532104,0.0,833.3211851119995,8.333211698532104,-24.076427459716797,-0.2407638454437251,4.434886040687561,0.0,0.0,nan,nan,nan,nan,nan,nan,nan,nan,nan,nan,7584,-0.0010516251596621728,0.011851814482361079,1.531765615940094,-0.005229479959234595,0.06339498162269593,0.06339498162269593,0.04080103673040867,0.003081705031218007,0.03514374948572367,0.7056781649589539,1.0,0.006596153846153846,0.0004390384615384616,0,0.75,0.75,0.0
237,761600,-860.932243347168,-8.609322290420533,-860.932243347168,-8.609322290420533,0.0,860.932243347168,8.609322290420533,-51.687485694885254,-0.5168744373321541,4.483107070922852,0.0,0.0,nan,nan,nan,nan,nan,nan,nan,nan,nan,nan,7616,-0.0013300699624698709,0.03170534018427133,1.5285037398338317,0.0044624006375670435,0.05965072251856327,0.05965072251856327,0.06530757583677768,0.002393628022400662,0.01940312500737491,0.306496262550354,1.0,0.006581730769230769,0.00043793269230769233,0,0.75,0.75,0.0
238,764800,-828.0383186340332,-8.28038254737854,-828.0383186340332,-8.28038254737854,0.0,828.0383186340332,8.28038254737854,-18.79356098175049,-0.18793469429016163,4.239785394668579,0.0,0.0,nan,nan,nan,nan,nan,nan,nan,nan,nan,nan,7648,-0.0008522177032718847,0.02045944668352604,1.5208508491516113,-0.0006103900726884603,0.045711230114102365,0.045711230114102365,0.05512224696576595,0.0017947834108781534,0.006200000007811468,0.5122795104980469,1.0,0.006567307692307692,0.0004368269230769231,0,0.75,0.75,0.0
239,768000,-804.3453664779663,-8.043453693389893,-804.3453664779663,-8.043453693389893,0.0,804.3453664779663,8.043453693389893,4.899391174316406,0.04899415969848597,3.866527020931244,0.0,0.0,nan,nan,nan,nan,nan,nan,nan,nan,nan,nan,7680,-0.0007253494028438556,0.016357323992997407,1.5472142815589904,-0.00268540452234447,0.04973272569477558,0.04973272569477558,0.04769219048321247,0.0018880540308600757,0.011890625115484,0.6536800861358643,1.0,0.006552884615384615,0.00043572115384615383,0,0.75,0.75,0.0
240,771200,-878.652006149292,-8.786520080566406,-878.652006149292,-8.786520080566406,0.0,878.652006149292,8.786520080566406,-69.40724849700928,-0.6940722274780278,4.2014495420455935,0.0,0.0,-719.6886957883835,-7.196886957883835,-719.6886957883835,-7.196886957883835,100.0,3.350424637980759,0.0,0.0,719.6886957883835,84.97378504276276,7712,-0.0004511054985137708,0.023823177628219127,1.5476353287696838,0.0013413295149803162,0.0384860660880804,0.0384860660880804,0.05335229225456715,0.0007280256457306677,0.0007250000140629709,0.6665668487548828,1.0,0.006538461538461538,0.0004346153846153846,0,0.75,0.75,0.0
241,774400,-750.0130977630615,-7.500131311416626,-750.0130977630615,-7.500131311416626,0.0,750.0130977630615,7.500131311416626,59.23165988922119,0.5923165416717522,3.149652440547943,0.0,0.0,nan,nan,nan,nan,nan,nan,nan,nan,nan,nan,7744,-0.0006282998447772137,0.015545589011162519,1.5359070420265197,-0.0028758218977600336,0.039663078635931014,0.039663078635931014,0.04679472297430039,0.0006886284900247119,0.0015249999691150152,0.6853121519088745,1.0,0.006524038461538461,0.0004335096153846154,0,0.75,0.75,0.0
242,777600,-847.2054920196533,-8.472054872512818,-847.2054920196533,-8.472054872512818,0.0,847.2054920196533,8.472054872512818,-37.960734367370605,-0.379607019424439,4.205490593910217,0.0,0.0,nan,nan,nan,nan,nan,nan,nan,nan,nan,nan,7776,-0.0009127024057088206,0.017940085753798483,1.5337749004364014,-0.0019269444514065982,0.044704002887010576,0.044704002887010576,0.04491642639040947,0.0014922367259714519,0.009337499988032506,0.6684474945068359,1.0,0.0065096153846153845,0.00043240384615384614,0,0.75,0.75,0.0
243,780800,-830.0948247909546,-8.300948362350464,-830.0948247909546,-8.300948362350464,0.0,830.0948247909546,8.300948362350464,-20.850067138671875,-0.20850050926208574,4.000389225482941,0.0,0.0,nan,nan,nan,nan,nan,nan,nan,nan,nan,nan,7808,-0.0010298620124696845,0.015215311851352453,1.5324680924415588,-0.0033758806996047495,0.06259950511157512,0.06259950511157512,0.04449822269380092,0.002629826647171285,0.02608749973005615,0.5261324048042297,1.0,0.006495192307692308,0.00043129807692307695,0,0.75,0.75,0.0
244,784000,-827.9222269058228,-8.2792223072052,-827.9222269058228,-8.2792223072052,0.0,827.9222269058228,8.2792223072052,-18.67746925354004,-0.18677445411682214,4.813819017410278,0.0,0.0,nan,nan,nan,nan,nan,nan,nan,nan,nan,nan,7840,-0.0008082524082332565,0.02627146653831005,1.5457630395889281,0.002309747226536274,0.032903524674475194,0.032903524674475194,0.06586245857179165,0.0014740500515472376,0.002800000016577542,0.40852707624435425,1.0,0.006480769230769231,0.0004301923076923077,0,0.75,0.75,0.0
245,787200,-796.6987466812134,-7.966987671852112,-796.6987466812134,-7.966987671852112,0.0,796.6987466812134,7.966987671852112,12.546010971069336,0.12546018123626634,3.7358777856826784,0.0,0.0,nan,nan,nan,nan,nan,nan,nan,nan,nan,nan,7872,-0.0012714242218644146,0.01853641076013446,1.5456411480903625,-0.001997869601473212,0.03856376186013222,0.03856376186013222,0.051995690912008286,0.0015112484274141026,0.0061843750765547155,0.5590784549713135,1.0,0.006466346153846154,0.00042908653846153845,0,0.75,0.75,0.0
246,790400,-802.3013620376587,-8.023013453483582,-802.3013620376587,-8.023013453483582,0.0,802.3013620376587,8.023013453483582,6.943395614624023,0.06943439960479658,3.6576484417915345,0.0,0.0,nan,nan,nan,nan,nan,nan,nan,nan,nan,nan,7904,-0.0009114535457861895,0.014675913657993079,1.5461804628372193,-0.0035493340808898212,0.03582674600183964,0.03582674600183964,0.04691552557051182,0.001281492816269747,0.0017875000310596078,0.6898748874664307,1.0,0.006451923076923077,0.00042798076923076926,0,0.75,0.75,0.0
247,793600,-785.4442558288574,-7.854442753791809,-785.4442558288574,-7.854442753791809,0.0,785.4442558288574,7.854442753791809,23.800501823425293,0.23800509929656943,3.545971748828888,0.0,0.0,nan,nan,nan,nan,nan,nan,nan,nan,nan,nan,7936,-0.0005992917565003086,0.018959185294806957,1.5534638047218323,-0.0011201223824173212,0.04076809324324131,0.04076809324324131,0.048181963711977006,0.0009176461408060277,0.001962499992805533,0.538715660572052,1.0,0.0064375000000000005,0.000426875,0,0.75,0.75,0.0
248,796800,-794.2800340652466,-7.942800760269165,-794.2800340652466,-7.942800760269165,0.0,794.2800340652466,7.942800760269165,14.964723587036133,0.1496470928192135,3.701033043861389,0.0,0.0,nan,nan,nan,nan,nan,nan,nan,nan,nan,nan,7968,-0.001284512147738137,0.0190086392685771,1.5452619552612306,-0.001705529075115919,0.044070453569293025,0.044070453569293025,0.04504660330712795,0.0018879786746765603,0.006990625077742152,0.5461442470550537,1.0,0.006423076923076924,0.0004257692307692308,0,0.75,0.75,0.0
249,800000,-903.294430732727,-9.032944450378418,-903.294430732727,-9.032944450378418,0.0,903.294430732727,9.032944450378418,-94.04967308044434,-0.9404965972900392,4.279132494926452,0.0,0.0,nan,nan,nan,nan,nan,nan,nan,nan,nan,nan,8000,-0.0011621852619224215,0.020630787871778012,1.549247407913208,-0.000775381363928318,0.054070056229829785,0.054070056229829785,0.05161788836121559,0.0026211029253317975,0.017131249528029004,0.5735057592391968,1.0,0.006408653846153845,0.0004246634615384615,0,0.75,0.75,0.0
250,803200,-880.96888256073,-8.80968870162964,-880.96888256073,-8.80968870162964,0.0,880.96888256073,8.80968870162964,-71.72412490844727,-0.7172408485412607,4.14891942024231,0.0,0.0,nan,nan,nan,nan,nan,nan,nan,nan,nan,nan,8032,-0.0004859309805589851,0.018450807128101588,1.5503358483314513,-0.0011737323831766844,0.035256820544600484,0.035256820544600484,0.04867617711424828,0.0005459852778585628,0.0006468750070780516,0.45359474420547485,1.0,0.006394230769230768,0.0004235576923076923,0,0.75,0.75,0.0
251,806400,-800.7067022323608,-8.007067246437073,-800.7067022323608,-8.007067246437073,0.0,800.7067022323608,8.007067246437073,8.538055419921875,0.08538060665130587,4.643734927177429,0.0,0.0,nan,nan,nan,nan,nan,nan,nan,nan,nan,nan,8064,-0.000604338568280216,0.02650190405547619,1.5549232244491578,0.0027265021577477454,0.03475749418139458,0.03475749418139458,0.06026264503598213,0.0010935270267509623,0.002228125015972182,0.4883856773376465,1.0,0.006379807692307692,0.00042245192307692307,0,0.75,0.75,0.0
252,809600,-789.7218952178955,-7.8972190618515015,-789.7218952178955,-7.8972190618515015,0.0,789.7218952178955,7.8972190618515015,19.522862434387207,0.1952287912368771,4.158905649185181,0.0,0.0,nan,nan,nan,nan,nan,nan,nan,nan,nan,nan,8096,-0.001075708412227705,0.011002564895898103,1.5580374479293824,-0.005491933412849903,0.040146170556545256,0.040146170556545256,0.0367591593414545,0.0012812310524168424,0.0030000000144354997,0.6954777240753174,1.0,0.006365384615384615,0.0004213461538461538,0,0.75,0.75,0.0
253,812800,-795.1978530883789,-7.951978797912598,-795.1978530883789,-7.951978797912598,0.0,795.1978530883789,7.951978797912598,14.046904563903809,0.1404690551757808,3.9538163423538206,0.0,0.0,nan,nan,nan,nan,nan,nan,nan,nan,nan,nan,8128,-0.0008184110819216883,0.015377725381404162,1.5558824419975281,-0.0030108978506177666,0.03683801181614399,0.03683801181614399,0.048161926493048665,0.000950222347091767,0.0025656249719759215,0.41042304039001465,1.0,0.006350961538461538,0.00042024038461538463,0,0.75,0.75,0.0
254,816000,-713.2599725723267,-7.132600259780884,-713.2599725723267,-7.132600259780884,0.0,713.2599725723267,7.132600259780884,95.98478507995605,0.9598475933074946,3.9097157287597657,0.0,0.0,nan,nan,nan,nan,nan,nan,nan,nan,nan,nan,8160,-0.0006895567096986355,0.015020730532705783,1.5460071325302125,-0.0029755251482129095,0.04482666291296482,0.04482666291296482,0.05395455062389374,0.0006581472200196004,0.001687500007392373,0.47223562002182007,1.0,0.006336538461538461,0.0004191346153846154,0,0.75,0.75,0.0
255,819200,-816.8328723907471,-8.16832865715027,-816.8328723907471,-8.16832865715027,0.0,816.8328723907471,8.16832865715027,-7.5881147384643555,-0.07588080406189057,3.71192999124527,0.0,0.0,nan,nan,nan,nan,nan,nan,nan,nan,nan,nan,8192,-0.0005203669472749972,0.020089519396424293,1.5518699645996095,-0.00028670802712440493,0.03149597011506557,0.03149597011506557,0.04637085571885109,0.0008072222059126944,0.0006750000025931513,0.529229462146759,1.0,0.006322115384615384,0.0004180288461538462,0,0.75,0.75,0.0
256,822400,-782.5224723815918,-7.8252248239517215,-782.5224723815918,-7.8252248239517215,0.0,782.5224723815918,7.8252248239517215,26.722285270690918,0.2672230291366571,4.044422686100006,0.0,0.0,nan,nan,nan,nan,nan,nan,nan,nan,nan,nan,8224,-0.0005752572729949889,0.013997911196202039,1.551607322692871,-0.00336336325854063,0.030128178372979163,0.030128178372979163,0.04641213938593865,0.0011911736124602611,0.0039468750212108715,0.5823726654052734,1.0,0.0063076923076923076,0.00041692307692307694,0,0.75,0.75,0.0
257,825600,-793.7384901046753,-7.937384433746338,-793.7384901046753,-7.937384433746338,0.0,793.7384901046753,7.937384433746338,15.506267547607422,0.15506341934204038,3.748370313644409,0.0,0.0,nan,nan,nan,nan,nan,nan,nan,nan,nan,nan,8256,-0.0007966481673065573,0.016774441208690406,1.5495231389999389,-0.0021609941497445105,0.03575175032019615,0.03575175032019615,0.053774229064583776,0.0008743413800402777,0.0034812500438420103,0.6115444302558899,1.0,0.006293269230769231,0.0004158173076923077,0,0.75,0.75,0.0
258,828800,-849.8989009857178,-8.49898865699768,-849.8989009857178,-8.49898865699768,0.0,849.8989009857178,8.49898865699768,-40.65414333343506,-0.4065408039093015,4.713926725387573,0.0,0.0,nan,nan,nan,nan,nan,nan,nan,nan,nan,nan,8288,-0.0011260619932668802,0.023340426199138165,1.5528316617012023,0.0007941605057567358,0.03631887771189213,0.03631887771189213,0.06336631774902343,0.0014535947291733464,0.004849999910220504,0.40570735931396484,1.0,0.006278846153846154,0.0004147115384615385,0,0.75,0.75,0.0
259,832000,-826.648419380188,-8.266484575271607,-826.648419380188,-8.266484575271607,0.0,826.648419380188,8.266484575271607,-17.403661727905273,-0.17403672218322797,3.9668155097961426,0.0,0.0,nan,nan,nan,nan,nan,nan,nan,nan,nan,nan,8320,-0.0011890229244949425,0.025986268743872644,1.5468015670776367,0.0021142920479178427,0.03968364242464304,0.03968364242464304,0.06243740506470204,0.0019703890320670325,0.012315625193878077,0.250522255897522,1.0,0.006264423076923076,0.00041360576923076925,0,0.75,0.75,0.0
260,835200,-868.9470663070679,-8.689470739364625,-868.9470663070679,-8.689470739364625,0.0,868.9470663070679,8.689470739364625,-59.702308654785156,-0.5970228862762461,3.9540696144104004,0.0,0.0,-728.537683725357,-7.285376837253571,-728.537683725357,-7.285376837253571,100.0,3.4124793769419193,0.0,0.0,728.537683725357,76.12479710578918,8352,-0.001095619424508154,0.0257695022970438,1.5370794534683228,0.0021823850460350514,0.043188855051994324,0.043188855051994324,0.06429774165153504,0.0014501309411571127,0.006034375232047751,0.3951812982559204,1.0,0.0062499999999999995,0.0004125,0,0.75,0.75,0.0
261,838400,-831.9519662857056,-8.319519424438477,-831.9519662857056,-8.319519424438477,0.0,831.9519662857056,8.319519424438477,-22.70720863342285,-0.22707157135009837,4.0292166495323185,0.0,0.0,nan,nan,nan,nan,nan,nan,nan,nan,nan,nan,8384,-0.0007308507137691822,0.019871405232697724,1.5346196293830872,-0.00036438643001019956,0.043929564952850345,0.043929564952850345,0.05800016075372696,0.0010750511322839885,0.002309375011827797,0.5559855103492737,1.0,0.006235576923076923,0.00041139423076923075,0,0.75,0.75,0.0
262,841600,-839.691351890564,-8.396913557052612,-839.691351890564,-8.396913557052612,0.0,839.691351890564,8.396913557052612,-30.44659423828125,-0.3044657039642331,4.884632339477539,0.0,0.0,nan,nan,nan,nan,nan,nan,nan,nan,nan,nan,8416,-0.0013912448945454514,0.02642195075750351,1.5308132886886596,0.002296305540949106,0.0645844280719757,0.0645844280719757,0.06220538504421711,0.0024553762472351083,0.015543749996868427,0.3949640393257141,1.0,0.006221153846153846,0.00041028846153846156,0,0.75,0.75,0.0
263,844800,-791.0128383636475,-7.910128259658814,-791.0128383636475,-7.910128259658814,0.0,791.0128383636475,7.910128259658814,18.231919288635254,0.18231959342956472,4.118462314605713,0.0,0.0,nan,nan,nan,nan,nan,nan,nan,nan,nan,nan,8448,-0.0010142800987232637,0.010679360292851926,1.5284685373306275,-0.0051613927353173494,0.050269990041851995,0.050269990041851995,0.043344118446111676,0.0024372609652346,0.013334375247359276,0.6388370394706726,1.0,0.006206730769230769,0.0004091826923076923,0,0.75,0.75,0.0
264,848000,-828.6097249984741,-8.2860973072052,-828.6097249984741,-8.2860973072052,0.0,828.6097249984741,8.2860973072052,-19.364967346191406,-0.19364945411682122,4.246665115356445,0.0,0.0,nan,nan,nan,nan,nan,nan,nan,nan,nan,nan,8480,-0.0008350351775996412,0.027580840326845647,1.511729323863983,0.0035942916758358477,0.04163502119481564,0.04163502119481564,0.0680293969810009,0.0015154450506088325,0.006315625067509245,0.319862425327301,1.0,0.006192307692307692,0.0004080769230769231,0,0.75,0.75,0.0
265,851200,-815.087760925293,-8.150877656936645,-815.087760925293,-8.150877656936645,0.0,815.087760925293,8.150877656936645,-5.843003273010254,-0.05842980384826646,4.257347359657287,0.0,0.0,nan,nan,nan,nan,nan,nan,nan,nan,nan,nan,8512,-0.0009774651572806547,0.016276115924119948,1.5160993099212647,-0.002205693768337369,0.05042933411896229,0.05042933411896229,0.05130976960062981,0.0014045881063793786,0.007368750032037496,0.6223108172416687,1.0,0.006177884615384615,0.00040697115384615386,0,0.75,0.75,0.0
266,854400,-827.077374458313,-8.270773735046387,-827.077374458313,-8.270773735046387,0.0,827.077374458313,8.270773735046387,-17.832616806030273,-0.17832588195800803,3.702520816326141,0.0,0.0,nan,nan,nan,nan,nan,nan,nan,nan,nan,nan,8544,-0.0009931844688253477,0.032090811803936956,1.4914965271949767,0.005859439820051193,0.0431526031345129,0.0431526031345129,0.06989384070038795,0.0013942564044555183,0.008562499971594662,0.31655699014663696,1.0,0.006163461538461538,0.0004058653846153846,0,0.75,0.75,0.0
267,857600,-857.2288599014282,-8.572288484573365,-857.2288599014282,-8.572288484573365,0.0,857.2288599014282,8.572288484573365,-47.98410224914551,-0.47984063148498635,4.679158444404602,0.0,0.0,nan,nan,nan,nan,nan,nan,nan,nan,nan,nan,8576,-0.0008237274873477918,0.029115961119532584,1.5001810550689698,0.004509581718593836,0.03406270071864128,0.03406270071864128,0.07288545407354832,0.0011561843053641495,0.005256250092497794,0.46309036016464233,1.0,0.006149038461538461,0.0004047596153846154,0,0.75,0.75,0.0
268,860800,-819.5171575546265,-8.195171704292298,-819.5171575546265,-8.195171704292298,0.0,819.5171575546265,8.195171704292298,-10.27239990234375,-0.10272385120391903,4.498679475784302,0.0,0.0,nan,nan,nan,nan,nan,nan,nan,nan,nan,nan,8608,-0.001237767483014618,0.01903101718053222,1.5099825739860535,-0.0009854210074990988,0.044169015064835546,0.044169015064835546,0.055499500781297686,0.0017709531446598703,0.009390624827938154,0.4669663906097412,1.0,0.006134615384615384,0.0004036538461538462,0,0.75,0.75,0.0
269,864000,-782.388370513916,-7.823883295059204,-782.388370513916,-7.823883295059204,0.0,782.388370513916,7.823883295059204,26.8563871383667,0.26856455802917445,4.166864748001099,0.0,0.0,nan,nan,nan,nan,nan,nan,nan,nan,nan,nan,8640,-0.00043942505484882987,0.025856820307672022,1.4912997484207153,0.0033619437366724015,0.02721517812460661,0.02721517812460661,0.0641612857580185,0.0006950042959942948,0.0013718750094994902,0.40837937593460083,1.0,0.006120192307692307,0.0004025480769230769,0,0.75,0.75,0.0
270,867200,-831.7130546569824,-8.317130794525147,-831.7130546569824,-8.317130794525147,0.0,831.7130546569824,8.317130794525147,-22.468297004699707,-0.22468294143676815,3.984038782119751,0.0,0.0,nan,nan,nan,nan,nan,nan,nan,nan,nan,nan,8672,-0.0009265364298451483,0.017624804750084877,1.5140153765678406,-0.001358362939208746,0.04141160361468792,0.04141160361468792,0.04974558614194393,0.0009438174376555253,0.0026312500023777828,0.6023602485656738,1.0,0.006105769230769231,0.0004014423076923077,0,0.75,0.75,0.0
271,870400,-883.9659032821655,-8.839659185409547,-883.9659032821655,-8.839659185409547,0.0,883.9659032821655,8.839659185409547,-74.72114562988281,-0.747211332321168,4.506076745986938,0.0,0.0,nan,nan,nan,nan,nan,nan,nan,nan,nan,nan,8704,-0.0008042917679413009,0.023994218930602072,1.5267145872116088,0.0018930709455162286,0.05020887702703476,0.05020887702703476,0.06264716647565365,0.001549450746824732,0.009750000130952684,0.41356807947158813,1.0,0.006091346153846154,0.0004003365384615385,0,0.75,0.75,0.0
272,873600,-922.3594760894775,-9.223594532012939,-922.3594760894775,-9.223594532012939,0.0,922.3594760894775,9.223594532012939,-113.11471843719482,-1.1311466789245603,5.036100273132324,0.0,0.0,nan,nan,nan,nan,nan,nan,nan,nan,nan,nan,8736,-0.0005526707024920086,0.03552973046898842,1.5307945251464843,0.007909674011170865,0.03316089771687984,0.03316089771687984,0.07483799271285534,0.0008683664065756603,0.002699999985634349,0.5249834060668945,1.0,0.006076923076923077,0.00039923076923076924,0,0.75,0.75,0.0
273,876800,-792.3327035903931,-7.92332679271698,-792.3327035903931,-7.92332679271698,0.0,792.3327035903931,7.92332679271698,16.91205406188965,0.16912106037139818,3.8565740275382994,0.0,0.0,nan,nan,nan,nan,nan,nan,nan,nan,nan,nan,8768,-0.0008137837491929645,0.020070406794548034,1.5282318234443664,-4.3486105278134345e-05,0.06716609932482243,0.06716609932482243,0.054919665679335594,0.0016332370811142027,0.009931249951478094,0.6947195529937744,1.0,0.0060625,0.000398125,0,0.75,0.75,0.0
274,880000,-844.9509687423706,-8.449509954452514,-844.9509687423706,-8.449509954452514,0.0,844.9509687423706,8.449509954452514,-35.70621109008789,-0.35706210136413574,4.161884117126465,0.0,0.0,nan,nan,nan,nan,nan,nan,nan,nan,nan,nan,8800,-0.0008889706960995669,0.018793563544750213,1.5432222127914428,-0.0008257152047008276,0.04077235274016857,0.04077235274016857,0.060940465331077574,0.001438039604909136,0.005890624978928827,0.390280544757843,1.0,0.0060480769230769225,0.0003970192307692308,0,0.75,0.75,0.0
275,883200,-828.9383487701416,-8.289383287429809,-828.9383487701416,-8.289383287429809,0.0,828.9383487701416,8.289383287429809,-19.693591117858887,-0.19693543434143024,4.4748111867904665,0.0,0.0,nan,nan,nan,nan,nan,nan,nan,nan,nan,nan,8832,-0.0004784670700246352,0.018465314898639916,1.5419843912124633,-0.0005496097728610039,0.04332505203783512,0.04332505203783512,0.0589753307402134,0.0011171705315064172,0.0035656249965541065,0.5731051564216614,1.0,0.006033653846153846,0.00039591346153846154,0,0.75,0.75,0.0
276,886400,-872.6559467315674,-8.726559467315674,-872.6559467315674,-8.726559467315674,0.0,872.6559467315674,8.726559467315674,-63.41118907928467,-0.6341116142272956,4.950158357620239,0.0,0.0,nan,nan,nan,nan,nan,nan,nan,nan,nan,nan,8864,-0.0006263091774250107,0.034571203589439395,1.544801414012909,0.007360776234418154,0.04291973076760769,0.04291973076760769,0.06918897181749344,0.001047339561773697,0.0040437500458210705,0.5390092134475708,1.0,0.006019230769230769,0.00039480769230769235,0,0.75,0.75,0.0
277,889600,-786.8399562835693,-7.868399324417115,-786.8399562835693,-7.868399324417115,0.0,786.8399562835693,7.868399324417115,22.40480136871338,0.2240485286712639,4.344257049560547,0.0,0.0,nan,nan,nan,nan,nan,nan,nan,nan,nan,nan,8896,-0.0011105071554659007,0.02081059254705906,1.5570397138595582,-5.4934900254011156e-05,0.04474842213094234,0.04474842213094234,0.06197968237102032,0.0014046134059753968,0.010393749884678982,0.6775647401809692,1.0,0.006004807692307692,0.0003937019230769231,0,0.75,0.75,0.0
278,892800,-790.2032089233398,-7.902032012939453,-790.2032089233398,-7.902032012939453,0.0,790.2032089233398,7.902032012939453,19.04154872894287,0.19041584014892532,3.8925689482688903,0.0,0.0,nan,nan,nan,nan,nan,nan,nan,nan,nan,nan,8928,-0.0007878424980968691,0.024871367402374743,1.5408222079277039,0.0024177235551178454,0.03809993006289005,0.03809993006289005,0.0635814119130373,0.0012291754261241294,0.005100000009406358,0.5278193354606628,1.0,0.005990384615384615,0.00039259615384615385,0,0.75,0.75,0.0
279,896000,-750.3895893096924,-7.503895597457886,-750.3895893096924,-7.503895597457886,0.0,750.3895893096924,7.503895597457886,58.85516834259033,0.5885522556304927,4.032557797431946,0.0,0.0,nan,nan,nan,nan,nan,nan,nan,nan,nan,nan,8960,-0.000544576511710293,0.02446171473711729,1.5399661898612975,0.0024835018441081045,0.037120769172906874,0.037120769172906874,0.06375935152173043,0.00039454721172660356,0.00035000000389118213,0.5487597584724426,1.0,0.005975961538461538,0.0003914903846153846,0,0.75,0.75,0.0
280,899200,-894.9270439147949,-8.949270343780517,-894.9270439147949,-8.949270343780517,0.0,894.9270439147949,8.949270343780517,-85.6822862625122,-0.8568224906921387,4.472344574928283,0.0,0.0,-752.2750787734985,-7.522750787734985,-752.2750787734985,-7.522750787734985,100.0,4.166045966297388,0.0,0.0,752.2750787734985,52.387402057647705,8992,-0.0009948595376103597,0.03445529509335756,1.5352269172668458,0.007080474123358727,0.04787391908466816,0.04787391908466816,0.0748861476778984,0.0011411793686420424,0.004228125035297126,0.5241496562957764,1.0,0.005961538461538461,0.00039038461538461536,0,0.75,0.75,0.0
281,902400,-876.5431470870972,-8.765431308746338,-876.5431470870972,-8.765431308746338,0.0,876.5431470870972,8.765431308746338,-67.29838943481445,-0.6729834556579597,4.562346692085266,0.0,0.0,nan,nan,nan,nan,nan,nan,nan,nan,nan,nan,9024,-0.000728179572265808,0.021269621234387158,1.5406414151191712,0.0007442587986588479,0.04596849977970123,0.04596849977970123,0.07241237238049507,0.0011111061387055088,0.0059406250482425095,0.48888736963272095,1.0,0.005947115384615384,0.00038927884615384616,0,0.75,0.75,0.0
282,905600,-801.514407157898,-8.015143561363221,-801.514407157898,-8.015143561363221,0.0,801.514407157898,8.015143561363221,7.730350494384766,0.07730429172515763,4.446066837310791,0.0,0.0,nan,nan,nan,nan,nan,nan,nan,nan,nan,nan,9056,-0.0011048244149074904,0.02211360801011324,1.5456925630569458,0.0007818609476089478,0.0414871696382761,0.0414871696382761,0.06159831285476684,0.001773258578032255,0.009696875167719554,0.5384812355041504,1.0,0.005932692307692307,0.0003881730769230769,0,0.75,0.75,0.0
283,908800,-856.2867002487183,-8.562866458892822,-856.2867002487183,-8.562866458892822,0.0,856.2867002487183,8.562866458892822,-47.04194259643555,-0.4704186058044435,4.1818455839157105,0.0,0.0,nan,nan,nan,nan,nan,nan,nan,nan,nan,nan,9088,-0.0004263630139248242,0.03142036721110344,1.5471359133720397,0.006127453967928886,0.03212597258388996,0.03212597258388996,0.06607388295233249,0.0012760804242134328,0.008653124928241596,0.30299460887908936,1.0,0.00591826923076923,0.0003870673076923077,0,0.75,0.75,0.0
284,912000,-788.2975778579712,-7.882975916862488,-788.2975778579712,-7.882975916862488,0.0,788.2975778579712,7.882975916862488,20.947179794311523,0.20947193622589033,4.366972727775574,0.0,0.0,nan,nan,nan,nan,nan,nan,nan,nan,nan,nan,9120,-0.0011670802037697214,0.02146650440990925,1.5466341376304626,0.00043508196249604226,0.050601793080568315,0.050601793080568315,0.06270609572529792,0.001375458344591607,0.004981249957563705,0.6229103803634644,1.0,0.005903846153846154,0.0003859615384615385,0,0.75,0.75,0.0
285,915200,-770.0930824279785,-7.7009308671951295,-770.0930824279785,-7.7009308671951295,0.0,770.0930824279785,7.7009308671951295,39.1516752243042,0.391516985893249,3.2305518579483032,0.0,0.0,nan,nan,nan,nan,nan,nan,nan,nan,nan,nan,9152,-0.0007827162055502157,0.023168183863162994,1.5493979454040527,0.0016763153951615095,0.0462596271187067,0.0462596271187067,0.05701326802372932,0.0013462758011883124,0.004375000006984919,0.5538985133171082,1.0,0.005889423076923077,0.0003848557692307692,0,0.75,0.75,0.0
286,918400,-778.246789932251,-7.7824680137634275,-778.246789932251,-7.7824680137634275,0.0,778.246789932251,7.7824680137634275,30.99796772003174,0.3099798393249511,4.201769013404846,0.0,0.0,nan,nan,nan,nan,nan,nan,nan,nan,nan,nan,9184,-0.0008534171225095588,0.020266884192824363,1.5431723833084106,0.00021388768218457698,0.039727705717086795,0.039727705717086795,0.059163124114274976,0.0011857536768729916,0.0014031249593244866,0.4092862606048584,1.0,0.005875,0.00038375000000000003,0,0.75,0.75,0.0
287,921600,-860.4441356658936,-8.604441423416137,-860.4441356658936,-8.604441423416137,0.0,860.4441356658936,8.604441423416137,-51.19937801361084,-0.5119935703277587,4.195173473358154,0.0,0.0,nan,nan,nan,nan,nan,nan,nan,nan,nan,nan,9216,-0.0013051945437910107,0.02072895970195532,1.5241772890090943,0.00012672701850533486,0.05713986828923225,0.05713986828923225,0.05408906899392605,0.0018862789445847738,0.011968749854713679,0.5197144746780396,1.0,0.005860576923076923,0.0003826442307692308,0,0.75,0.75,0.0
288,924800,-821.120979309082,-8.211209650039672,-821.120979309082,-8.211209650039672,0.0,821.120979309082,8.211209650039672,-11.876221656799316,-0.11876179695129352,4.628181056976318,0.0,0.0,nan,nan,nan,nan,nan,nan,nan,nan,nan,nan,9248,-0.0007279127547284769,0.017260956205427648,1.502357292175293,-0.000880446471273899,0.038016939908266066,0.038016939908266066,0.05217411108314991,0.001295448328164639,0.0033656250103376805,0.5709152221679688,1.0,0.0058461538461538455,0.00038153846153846153,0,0.75,0.75,0.0
289,928000,-878.2138023376465,-8.782138366699218,-878.2138023376465,-8.782138366699218,0.0,878.2138023376465,8.782138366699218,-68.96904468536377,-0.6896905136108398,4.7129675388336185,0.0,0.0,nan,nan,nan,nan,nan,nan,nan,nan,nan,nan,9280,-0.000632402112088748,0.019260220043361188,1.5124074220657349,0.00017775548622012138,0.03767414018511772,0.03767414018511772,0.05559775419533253,0.0004958423365678755,0.00031875000277068464,0.5934722423553467,1.0,0.005831730769230769,0.0003804326923076923,0,0.75,0.75,0.0
290,931200,-770.4909811019897,-7.704909443855286,-770.4909811019897,-7.704909443855286,0.0,770.4909811019897,7.704909443855286,38.75377655029297,0.3875384092330929,4.0641502451896665,0.0,0.0,nan,nan,nan,nan,nan,nan,nan,nan,nan,nan,9312,-0.0007440503038989021,0.017918517533689737,1.4942497253417968,-0.00047730160877108575,0.042053674533963206,0.042053674533963206,0.05304664336144924,0.0013585457461886107,0.005218749944469891,0.5903857946395874,1.0,0.005817307692307692,0.0003793269230769231,0,0.75,0.75,0.0
291,934400,-871.4289722442627,-8.714289484024048,-871.4289722442627,-8.714289484024048,0.0,871.4289722442627,8.714289484024048,-62.18421459197998,-0.6218416309356698,4.344868268966675,0.0,0.0,nan,nan,nan,nan,nan,nan,nan,nan,nan,nan,9344,-0.0006037189956638045,0.02916029319167137,1.5136579990386962,0.005192844569683075,0.0343031395226717,0.0343031395226717,0.06550381481647491,0.0007916985434349045,0.0014750000143976649,0.4019849896430969,1.0,0.005802884615384615,0.00037822115384615384,0,0.75,0.75,0.0
292,937600,-767.1202821731567,-7.671202898025513,-767.1202821731567,-7.671202898025513,0.0,767.1202821731567,7.671202898025513,42.12447547912598,0.42124495506286586,3.740201573371887,0.0,0.0,nan,nan,nan,nan,nan,nan,nan,nan,nan,nan,9376,-0.0010539839555276486,0.021671512722969057,1.5225346088409424,0.00096863922663033,0.04307154007256031,0.04307154007256031,0.06054820381104946,0.0018350686241319636,0.010215624915144873,0.4171493649482727,1.0,0.005788461538461538,0.0003771153846153846,0,0.75,0.75,0.0
293,940800,-876.5264110565186,-8.76526382446289,-876.5264110565186,-8.76526382446289,0.0,876.5264110565186,8.76526382446289,-67.28165340423584,-0.6728159713745114,4.133222527503968,0.0,0.0,nan,nan,nan,nan,nan,nan,nan,nan,nan,nan,9408,-0.0011517098719952656,0.030198039673268794,1.5362471103668214,0.0050769602879881855,0.04433460421860218,0.04433460421860218,0.07514395080506801,0.0016244244387053186,0.005531249898922397,0.3928467631340027,1.0,0.0057740384615384615,0.0003760096153846154,0,0.75,0.75,0.0
294,944000,-824.4850273132324,-8.244850149154663,-824.4850273132324,-8.244850149154663,0.0,824.4850273132324,8.244850149154663,-15.240269660949707,-0.15240229606628475,4.452548141479492,0.0,0.0,nan,nan,nan,nan,nan,nan,nan,nan,nan,nan,9440,-0.001265412468020788,0.02807721383869648,1.5353037238121032,0.003930435236543417,0.05366468243300915,0.05366468243300915,0.07022203654050826,0.0019243564751377563,0.013159375396207906,0.5512979030609131,1.0,0.005759615384615385,0.00037490384615384615,0,0.75,0.75,0.0
295,947200,-831.1668014526367,-8.311667709350585,-831.1668014526367,-8.311667709350585,0.0,831.1668014526367,8.311667709350585,-21.922043800354004,-0.21921985626220675,4.023455092906952,0.0,0.0,nan,nan,nan,nan,nan,nan,nan,nan,nan,nan,9472,-0.000960683205688806,0.013772105053067207,1.527272880077362,-0.0028491074685007335,0.04260888285934925,0.04260888285934925,0.043967480212450026,0.0008881814470441896,0.002871874946868047,0.6175405383110046,1.0,0.005745192307692308,0.00037379807692307696,0,0.75,0.75,0.0
296,950400,-895.931957244873,-8.959319448471069,-895.931957244873,-8.959319448471069,0.0,895.931957244873,8.959319448471069,-86.68719959259033,-0.8668715953826904,4.530851287841797,0.0,0.0,nan,nan,nan,nan,nan,nan,nan,nan,nan,nan,9504,-0.0006667725146341397,0.04150769375264644,1.53203786611557,0.011307319160550833,0.037064235843718055,0.037064235843718055,0.07145640924572945,0.0014673561629024335,0.005359374871477485,0.28541386127471924,1.0,0.00573076923076923,0.0003726923076923077,0,0.75,0.75,0.0
297,953600,-829.4570121765137,-8.29457046508789,-829.4570121765137,-8.29457046508789,0.0,829.4570121765137,8.29457046508789,-20.212254524230957,-0.20212261199951165,3.876031322479248,0.0,0.0,nan,nan,nan,nan,nan,nan,nan,nan,nan,nan,9536,-0.0007041522762476049,0.019416728988289833,1.5398399114608765,0.00020195418037474155,0.03935360014438629,0.03935360014438629,0.048611991852521894,0.000789784222797607,0.003193749996717088,0.49851834774017334,1.0,0.0057163461538461535,0.00037158653846153846,0,0.75,0.75,0.0
298,956800,-761.0874252319336,-7.6108741235733035,-761.0874252319336,-7.6108741235733035,0.0,761.0874252319336,7.6108741235733035,48.15733242034912,0.48157372951507504,3.5675733065605164,0.0,0.0,nan,nan,nan,nan,nan,nan,nan,nan,nan,nan,9568,-0.0007030471744132183,0.023320655338466167,1.5396121263504028,0.002178530301898718,0.040925159305334094,0.040925159305334094,0.05813773311674595,0.0013789912231004565,0.0032937500131083653,0.5915220975875854,1.0,0.005701923076923077,0.0003704807692307692,0,0.75,0.75,0.0
299,960000,-863.0899906158447,-8.63090015411377,-863.0899906158447,-8.63090015411377,0.0,863.0899906158447,8.63090015411377,-53.84523296356201,-0.5384523010253908,4.203772745132446,0.0,0.0,nan,nan,nan,nan,nan,nan,nan,nan,nan,nan,9600,-0.0008545864348765475,0.02651633508503437,1.538333487510681,0.0036543097347021105,0.040468591079115865,0.040468591079115865,0.06117105707526207,0.0011574876869417494,0.003534375026356429,0.5441923141479492,1.0,0.0056875,0.000369375,0,0.75,0.75,0.0
300,963200,-859.2926273345947,-8.592926464080811,-859.2926273345947,-8.592926464080811,0.0,859.2926273345947,8.592926464080811,-50.04786968231201,-0.5004786109924328,4.372055101394653,0.0,0.0,-839.7497515678406,-8.397497515678406,-839.7497515678406,-8.397497515678406,100.0,5.101410432010889,0.0,0.0,839.7497515678406,-35.087270736694336,9632,-0.0006553821032808215,0.027279815450310708,1.5257583498954772,0.004328781086951494,0.035146962851285934,0.035146962851285934,0.06418719477951526,0.0011621604466199643,0.00037499999452847985,0.44346916675567627,1.0,0.005673076923076923,0.00036826923076923077,0,0.75,0.75,0.0
301,966400,-794.2318916320801,-7.942319016456604,-794.2318916320801,-7.942319016456604,0.0,794.2318916320801,7.942319016456604,15.012866020202637,0.15012883663177412,3.9260662245750426,0.0,0.0,nan,nan,nan,nan,nan,nan,nan,nan,nan,nan,9664,-0.0010272587072104322,0.023547195456922056,1.5040115237236023,0.002235658373683691,0.03967054225504398,0.03967054225504398,0.06396214552223682,0.0016936203151999506,0.007231250003314926,0.48951637744903564,1.0,0.005658653846153845,0.0003671634615384615,0,0.75,0.75,0.0
302,969600,-855.5233974456787,-8.555234384536742,-855.5233974456787,-8.555234384536742,0.0,855.5233974456787,8.555234384536742,-46.278639793395996,-0.4627865314483639,4.44616096496582,0.0,0.0,nan,nan,nan,nan,nan,nan,nan,nan,nan,nan,9696,-0.0007207106471352809,0.03136042095720768,1.5149923086166381,0.006408533733338118,0.041317520663142204,0.041317520663142204,0.071461346372962,0.0009056724557012785,0.003684374934528023,0.4297388195991516,1.0,0.005644230769230769,0.00036605769230769233,0,0.75,0.75,0.0
303,972800,-847.2437629699707,-8.472438163757325,-847.2437629699707,-8.472438163757325,0.0,847.2437629699707,8.472438163757325,-37.99900531768799,-0.37999031066894595,4.059917562007904,0.0,0.0,nan,nan,nan,nan,nan,nan,nan,nan,nan,nan,9728,-0.0008373861744708666,0.030584175884723664,1.513537335395813,0.005933777615427971,0.03747240826487541,0.03747240826487541,0.07223611548542977,0.0010433160790853436,0.005199999918113462,0.34378814697265625,1.0,0.005629807692307692,0.0003649519230769231,0,0.75,0.75,0.0
304,976000,-805.2704038619995,-8.052704248428345,-805.2704038619995,-8.052704248428345,0.0,805.2704038619995,8.052704248428345,3.974353790283203,0.03974360466003368,4.2292864751815795,0.0,0.0,nan,nan,nan,nan,nan,nan,nan,nan,nan,nan,9760,-0.00047482386442463385,0.016596199944615364,1.5129966259002685,-0.0006727821193635464,0.03131124265491962,0.03131124265491962,0.048241940513253215,0.0006947138066607294,0.002653125038705184,0.539746880531311,1.0,0.005615384615384615,0.0003638461538461539,0,0.75,0.75,0.0
305,979200,-911.0329532623291,-9.110329990386964,-911.0329532623291,-9.110329990386964,0.0,911.0329532623291,9.110329990386964,-101.78819561004639,-1.0178821372985851,4.858505959510803,0.0,0.0,nan,nan,nan,nan,nan,nan,nan,nan,nan,nan,9792,-0.000890839895978579,0.028525617718696595,1.5044243335723877,0.004945746343582869,0.043776249140501024,0.043776249140501024,0.05853415429592133,0.0009830439781580934,0.003640624964464223,0.4656561613082886,1.0,0.005600961538461538,0.00036274038461538464,0,0.75,0.75,0.0
306,982400,-812.8958654403687,-8.128958539962769,-812.8958654403687,-8.128958539962769,0.0,812.8958654403687,8.128958539962769,-3.6511077880859375,-0.036510686874390075,3.840563669204712,0.0,0.0,nan,nan,nan,nan,nan,nan,nan,nan,nan,nan,9824,-0.0009439826501999038,0.020826698653399943,1.5247644305229187,0.0009512116201221942,0.04418268539011479,0.04418268539011479,0.0640216201543808,0.0020763602820807136,0.007893750170478598,0.29058223962783813,1.0,0.005586538461538461,0.0003616346153846154,0,0.75,0.75,0.0
307,985600,-767.8185167312622,-7.678185329437256,-767.8185167312622,-7.678185329437256,0.0,767.8185167312622,7.678185329437256,41.42624092102051,0.41426252365112237,4.049677972793579,0.0,0.0,nan,nan,nan,nan,nan,nan,nan,nan,nan,nan,9856,-0.0009041688967714734,0.026770219579339026,1.5314559102058412,0.003947491850703954,0.04782461486756802,0.04782461486756802,0.07328955195844174,0.0009011399135488319,0.0021624999932100763,0.3518107533454895,1.0,0.0055721153846153846,0.0003605288461538462,0,0.75,0.75,0.0
308,988800,-867.1498346328735,-8.671498432159424,-867.1498346328735,-8.671498432159424,0.0,867.1498346328735,8.671498432159424,-57.90507698059082,-0.5790505790710458,4.159908638000489,0.0,0.0,nan,nan,nan,nan,nan,nan,nan,nan,nan,nan,9888,-0.0014051085297484,0.030665119737386705,1.5247853517532348,0.005453163851052522,0.05619850233197212,0.05619850233197212,0.06666796319186688,0.001958749347613775,0.009056249939021654,0.49332690238952637,1.0,0.005557692307692307,0.0003594230769230769,0,0.75,0.75,0.0
309,992000,-776.7163877487183,-7.767163934707642,-776.7163877487183,-7.767163934707642,0.0,776.7163877487183,7.767163934707642,32.52836990356445,0.32528391838073656,4.103673431873322,0.0,0.0,nan,nan,nan,nan,nan,nan,nan,nan,nan,nan,9920,-0.0007102574976975973,0.018161502480506898,1.5093922019004822,3.526313230395317e-06,0.04012383706867695,0.04012383706867695,0.05072239078581333,0.0013507131439837393,0.004053124942583963,0.5391581058502197,1.0,0.00554326923076923,0.0003583173076923077,0,0.75,0.75,0.0
310,995200,-833.7433042526245,-8.33743314743042,-833.7433042526245,-8.33743314743042,0.0,833.7433042526245,8.33743314743042,-24.498546600341797,-0.24498529434204208,4.629942216873169,0.0,0.0,nan,nan,nan,nan,nan,nan,nan,nan,nan,nan,9952,-0.000929662568209455,0.03715920839458704,1.5001024961471559,0.009356105420738458,0.054588910192251205,0.054588910192251205,0.07860009334981441,0.0007197510942205554,0.0015906249696854501,0.42816346883773804,1.0,0.005528846153846153,0.00035721153846153845,0,0.75,0.75,0.0
311,998400,-764.4029541015625,-7.644029169082642,-764.4029541015625,-7.644029169082642,0.0,764.4029541015625,7.644029169082642,44.841803550720215,0.4484186840057367,3.9932423543930056,0.0,0.0,nan,nan,nan,nan,nan,nan,nan,nan,nan,nan,9984,-0.0012659515968874047,0.03148169778287411,1.5058685779571532,0.006170901097357273,0.05941576696932316,0.05941576696932316,0.07336693033576011,0.002148285489238333,0.013593750195286702,0.4413747787475586,1.0,0.0055144230769230765,0.00035610576923076926,0,0.75,0.75,0.0
312,1001600,-819.7037811279297,-8.197037725448608,-819.7037811279297,-8.197037725448608,0.0,819.7037811279297,8.197037725448608,-10.459023475646973,-0.10458987236022921,4.054686541557312,0.0,0.0,nan,nan,nan,nan,nan,nan,nan,nan,nan,nan,10016,-0.0006805381544574607,0.019004654418677092,1.518242311477661,0.00047145639546215535,0.03984424062073231,0.03984424062073231,0.05503888763487339,0.0012065070619428297,0.0058718750515254214,0.6140735745429993,1.0,0.0055,0.000355,0,0.75,0.75,0.0
313,1004800,-861.3088598251343,-8.613088808059693,-861.3088598251343,-8.613088808059693,0.0,861.3088598251343,8.613088808059693,-52.06410217285156,-0.5206409549713147,4.753490767478943,0.0,0.0,nan,nan,nan,nan,nan,nan,nan,nan,nan,nan,10048,-0.0011722985718864958,0.04578383378684521,1.5285990357398986,0.013334370404481887,0.049881618842482565,0.049881618842482565,0.0859064981341362,0.00150010920369823,0.012037499851430766,0.5310231447219849,1.0,0.005485576923076923,0.00035389423076923076,0,0.75,0.75,0.0
314,1008000,-760.4353837966919,-7.604354219436646,-760.4353837966919,-7.604354219436646,0.0,760.4353837966919,7.604354219436646,48.80937385559082,0.48809363365173297,3.6271935057640077,0.0,0.0,nan,nan,nan,nan,nan,nan,nan,nan,nan,nan,10080,-0.0008905964296252955,0.02073342502117157,1.550684380531311,0.0009920834098011255,0.04049226120114326,0.04049226120114326,0.06208719946444034,0.0010046976760349935,0.004103125025721965,0.5733629465103149,1.0,0.005471153846153846,0.00035278846153846157,0,0.75,0.75,0.0
315,1011200,-870.0297365188599,-8.700297565460206,-870.0297365188599,-8.700297565460206,0.0,870.0297365188599,8.700297565460206,-60.78497886657715,-0.6078497123718272,4.601258277893066,0.0,0.0,nan,nan,nan,nan,nan,nan,nan,nan,nan,nan,10112,-0.0008051688129082412,0.024144329130649567,1.5404139518737794,0.0028613714966923,0.044975314289331436,0.044975314289331436,0.0796487893909216,0.0018261414064909332,0.00830312492325902,0.6392475962638855,1.0,0.005456730769230769,0.0003516826923076923,0,0.75,0.75,0.0
316,1014400,-816.4619178771973,-8.164618883132935,-816.4619178771973,-8.164618883132935,0.0,816.4619178771973,8.164618883132935,-7.217160224914551,-0.07217103004455616,3.847705514431,0.0,0.0,nan,nan,nan,nan,nan,nan,nan,nan,nan,nan,10144,-0.00046617073483652406,0.022827287018299103,1.5516963362693788,0.0025026638992130756,0.02879977412521839,0.02879977412521839,0.0635365106165409,0.0005324351395756821,0.0016687499824911355,0.5153355598449707,1.0,0.0054423076923076925,0.0003505769230769231,0,0.75,0.75,0.0
317,1017600,-778.6742639541626,-7.786742687225342,-778.6742639541626,-7.786742687225342,0.0,778.6742639541626,7.786742687225342,30.570493698120117,0.30570516586303675,3.7809923458099366,0.0,0.0,nan,nan,nan,nan,nan,nan,nan,nan,nan,nan,10176,-0.0006189335780247163,0.013345417659729719,1.5471405267715455,-0.0023439245298504828,0.03520796485245228,0.03520796485245228,0.04367671720683575,0.0003912456588295754,0.0014406250003958121,0.7591874003410339,1.0,0.005427884615384616,0.0003494711538461539,0,0.75,0.75,0.0
318,1020800,-765.2372198104858,-7.652372250556946,-765.2372198104858,-7.652372250556946,0.0,765.2372198104858,7.652372250556946,44.007537841796875,0.44007560253143296,4.194944081306457,0.0,0.0,nan,nan,nan,nan,nan,nan,nan,nan,nan,nan,10208,-0.0008066335863957441,0.0221624743193388,1.5369929790496826,0.00195415117777884,0.04691007509827614,0.04691007509827614,0.067993551120162,0.0011419399523219908,0.00698437507962808,0.4813935160636902,1.0,0.005413461538461539,0.00034836538461538463,0,0.75,0.75,0.0
319,1024000,-806.5891761779785,-8.065891981124878,-806.5891761779785,-8.065891981124878,0.0,806.5891761779785,8.065891981124878,2.655581474304199,0.02655587196350062,3.833888807296753,0.0,0.0,nan,nan,nan,nan,nan,nan,nan,nan,nan,nan,10240,-0.0006232151445088263,0.011710995342582464,1.5386105179786682,-0.0030747348442673682,0.03765966109931469,0.03765966109931469,0.04604986794292927,0.0008461898567475145,0.0024749999633058906,0.7923551797866821,1.0,0.005399038461538461,0.00034725961538461543,0,0.75,0.75,0.0
320,1027200,-771.8042869567871,-7.718042984008789,-771.8042869567871,-7.718042984008789,0.0,771.8042869567871,7.718042984008789,37.440470695495605,0.3744048690795898,3.8941743516922,0.0,0.0,-916.5908188819885,-9.165908188819886,-916.5908188819885,-9.165908188819886,100.0,5.154160009324551,0.0,0.0,916.5908188819885,-111.92833805084229,10272,-0.0009587755598011449,0.018740728870034216,1.5407322287559508,0.00011533871293067932,0.04704920649528503,0.04704920649528503,0.05933864787220955,0.0012951689852343407,0.008468749932944775,0.45268863439559937,1.0,0.005384615384615384,0.0003461538461538462,0,0.75,0.75,0.0
321,1030400,-876.3990726470947,-8.763990421295166,-876.3990726470947,-8.763990421295166,0.0,876.3990726470947,8.763990421295166,-67.15431499481201,-0.671542568206787,4.854364552497864,0.0,0.0,nan,nan,nan,nan,nan,nan,nan,nan,nan,nan,10304,-0.000503342699495235,0.028303614631295205,1.530471646785736,0.00542953796684742,0.035680473782122135,0.035680473782122135,0.06815872341394424,0.0007342084485571831,0.0025406249857041984,0.6011358499526978,1.0,0.005370192307692308,0.000345048076923077,0,0.75,0.75,0.0
322,1033600,-805.8821401596069,-8.058821272850036,-805.8821401596069,-8.058821272850036,0.0,805.8821401596069,8.058821272850036,3.3626174926757812,0.03362658023834264,5.0055471658706665,0.0,0.0,nan,nan,nan,nan,nan,nan,nan,nan,nan,nan,10336,-0.0004186279487010225,0.03408469632267952,1.5221601366996764,0.008471381943672895,0.032887880131602286,0.032887880131602286,0.08466182053089141,0.0004836624751987983,0.00237812499217398,0.4547390937805176,1.0,0.00535576923076923,0.0003439423076923077,0,0.75,0.75,0.0
323,1036800,-807.2790575027466,-8.072790274620056,-807.2790575027466,-8.072790274620056,0.0,807.2790575027466,8.072790274620056,1.9657001495361328,0.019657578468322612,4.211235718727112,0.0,0.0,nan,nan,nan,nan,nan,nan,nan,nan,nan,nan,10368,-0.0010055522643785508,0.019751820154488085,1.5073864936828614,0.0008188844192773103,0.047433821856975554,0.047433821856975554,0.05846238620579243,0.0014666887400380801,0.008165625052060931,0.6454538106918335,1.0,0.005341346153846153,0.00034283653846153844,0,0.75,0.75,0.0
324,1040000,-796.7845735549927,-7.96784595489502,-796.7845735549927,-7.96784595489502,0.0,796.7845735549927,7.96784595489502,12.460184097290039,0.12460189819335898,4.049588418006897,0.0,0.0,nan,nan,nan,nan,nan,nan,nan,nan,nan,nan,10400,-0.0004677624236493649,0.027902017161250115,1.505422866344452,0.005463974550366402,0.03405155800282955,0.03405155800282955,0.07840500958263874,0.0007902544421085622,0.003418749965931056,0.3415059447288513,1.0,0.005326923076923076,0.0003417307692307692,0,0.75,0.75,0.0
325,1043200,-772.3593416213989,-7.723592886924743,-772.3593416213989,-7.723592886924743,0.0,772.3593416213989,7.723592886924743,36.88541603088379,0.3688549661636351,4.283050603866577,0.0,0.0,nan,nan,nan,nan,nan,nan,nan,nan,nan,nan,10432,-0.0007992973034735229,0.021583978459239005,1.4840130448341369,0.0021088723093271255,0.04380812980234623,0.04380812980234623,0.053732163086533544,0.0007591886420414085,0.0038031249860068783,0.6231880187988281,1.0,0.0053124999999999995,0.000340625,0,0.75,0.75,0.0
326,1046400,-817.4202060699463,-8.174201946258545,-817.4202060699463,-8.174201946258545,0.0,817.4202060699463,8.174201946258545,-8.175448417663574,-0.0817540931701668,3.2307501316070555,0.0,0.0,nan,nan,nan,nan,nan,nan,nan,nan,nan,nan,10464,-0.000593412717705366,0.025797206535935403,1.4653760075569153,0.004541515465825796,0.036550593376159665,0.036550593376159665,0.07129416316747665,0.0010359516305470605,0.001428124975063838,0.6296768188476562,1.0,0.005298076923076923,0.00033951923076923075,0,0.75,0.75,0.0
327,1049600,-741.7777757644653,-7.4177777338027955,-741.7777757644653,-7.4177777338027955,0.0,741.7777757644653,7.4177777338027955,67.46698188781738,0.6746701192855831,3.682117667198181,0.0,0.0,nan,nan,nan,nan,nan,nan,nan,nan,nan,nan,10496,-0.0004407226619397964,0.022867642529308795,1.477335226535797,0.003187370812520385,0.02512353379279375,0.02512353379279375,0.062205692380666734,0.00074815260086325,0.0009249999973690137,0.6299617290496826,1.0,0.005283653846153846,0.00033841346153846156,0,0.75,0.75,0.0
328,1052800,-863.1463356018066,-8.631463270187378,-863.1463356018066,-8.631463270187378,0.0,863.1463356018066,8.631463270187378,-53.901577949523926,-0.5390154170989998,4.627627377510071,0.0,0.0,nan,nan,nan,nan,nan,nan,nan,nan,nan,nan,10528,-0.0011528176954597846,0.02838057782500982,1.4784424424171447,0.0052472167182713745,0.05000451542437077,0.05000451542437077,0.0625227626413107,0.0010745409361334168,0.0037312500397092664,0.4167579412460327,1.0,0.005269230769230769,0.0003373076923076923,0,0.75,0.75,0.0
329,1056000,-823.9943962097168,-8.23994441986084,-823.9943962097168,-8.23994441986084,0.0,823.9943962097168,8.23994441986084,-14.749638557434082,-0.14749656677246215,4.493246364593506,0.0,0.0,nan,nan,nan,nan,nan,nan,nan,nan,nan,nan,10560,-0.0007962539514061006,0.018774133268743755,1.4829578638076781,0.0007981539703905583,0.05918373316526413,0.05918373316526413,0.05656024925410748,0.0026090035993547645,0.01763750006793998,0.5873715877532959,1.0,0.0052548076923076914,0.00033620192307692306,0,0.75,0.75,0.0
330,1059200,-835.8916711807251,-8.35891664505005,-835.8916711807251,-8.35891664505005,0.0,835.8916711807251,8.35891664505005,-26.646913528442383,-0.26646879196167106,4.655365724563598,0.0,0.0,nan,nan,nan,nan,nan,nan,nan,nan,nan,nan,10592,-0.0006030096768634419,0.026121309958398342,1.4845288276672364,0.004678143514320254,0.04591136686503887,0.04591136686503887,0.06569267883896827,0.0008766469669353683,0.006059375125914812,0.12991392612457275,1.0,0.005240384615384615,0.00033509615384615387,0,0.75,0.75,0.0
331,1062400,-820.5931520462036,-8.205931806564331,-820.5931520462036,-8.205931806564331,0.0,820.5931520462036,8.205931806564331,-11.348394393920898,-0.11348395347595286,4.027760891914368,0.0,0.0,nan,nan,nan,nan,nan,nan,nan,nan,nan,nan,10624,-0.0005419649117277103,0.012645764090120793,1.4756424069404601,-0.0019307335140183568,0.03618979342281818,0.03618979342281818,0.048054340109229085,0.0008481719094561412,0.005240624968428165,0.6333089470863342,1.0,0.005225961538461538,0.0003339903846153846,0,0.75,0.75,0.0
332,1065600,-898.6472520828247,-8.98647247314453,-898.6472520828247,-8.98647247314453,0.0,898.6472520828247,8.98647247314453,-89.40249443054199,-0.8940246200561521,4.431461005210877,0.0,0.0,nan,nan,nan,nan,nan,nan,nan,nan,nan,nan,10656,-0.0004672139995877345,0.03641861081123352,1.4757677555084228,0.0100510707590729,0.0367893110960722,0.0367893110960722,0.07542430236935616,0.0006626043868891429,0.001675000000250293,0.16376745700836182,1.0,0.005211538461538461,0.0003328846153846154,0,0.75,0.75,0.0
333,1068800,-773.6642084121704,-7.736642060279846,-773.6642084121704,-7.736642060279846,0.0,773.6642084121704,7.736642060279846,35.580549240112305,0.35580579280853275,4.069381783008575,0.0,0.0,nan,nan,nan,nan,nan,nan,nan,nan,nan,nan,10688,-0.0010676959033706136,0.026171830110251905,1.4755311250686645,0.004349713865667582,0.0479147732257843,0.0479147732257843,0.0643444113433361,0.0015715520203229971,0.005965625031967648,0.3653028607368469,1.0,0.005197115384615384,0.0003317788461538462,0,0.75,0.75,0.0
334,1072000,-788.8560132980347,-7.888560318946839,-788.8560132980347,-7.888560318946839,0.0,788.8560132980347,7.888560318946839,20.388744354248047,0.20388753414153982,3.8740723180770873,0.0,0.0,nan,nan,nan,nan,nan,nan,nan,nan,nan,nan,10720,-0.0008992652827583214,0.021037223190069197,1.4829181551933288,0.0019338375888764859,0.03563111312687397,0.03563111312687397,0.05692094936966896,0.0012033119885018096,0.0024593749483756257,0.6060571670532227,1.0,0.005182692307692307,0.00033067307692307693,0,0.75,0.75,0.0
335,1075200,-783.3132696151733,-7.83313259601593,-783.3132696151733,-7.83313259601593,0.0,783.3132696151733,7.83313259601593,25.931488037109375,0.2593152570724486,4.103523893356323,0.0,0.0,nan,nan,nan,nan,nan,nan,nan,nan,nan,nan,10752,-0.000945126762776649,0.02674234565347433,1.450602388381958,0.00492894216440618,0.044954382628202436,0.044954382628202436,0.061555806919932364,0.001415899216226535,0.008378125086892396,0.4148405194282532,1.0,0.005168269230769231,0.00032956730769230773,0,0.75,0.75,0.0
336,1078400,-786.4572868347168,-7.864573082923889,-786.4572868347168,-7.864573082923889,0.0,786.4572868347168,7.864573082923889,22.787470817565918,0.22787477016448943,4.4202013158798215,0.0,0.0,nan,nan,nan,nan,nan,nan,nan,nan,nan,nan,10784,-0.0008031244295590767,0.018431294336915018,1.4373438358306885,0.0010046740993857385,0.04474729262292385,0.04474729262292385,0.05574481710791588,0.0010282384697347879,0.0050750000635162,0.6458865404129028,1.0,0.005153846153846154,0.0003284615384615385,0,0.75,0.75,0.0
337,1081600,-811.1543207168579,-8.11154326915741,-811.1543207168579,-8.11154326915741,0.0,811.1543207168579,8.11154326915741,-1.9095630645751953,-0.019095416069031756,3.954040541648865,0.0,0.0,nan,nan,nan,nan,nan,nan,nan,nan,nan,nan,10816,-0.0003850753765698656,0.026002570055425167,1.4480279564857483,0.005174181284382939,0.033110407553613184,0.033110407553613184,0.06850213296711445,0.0006223063595825806,0.0014499999961117283,0.2691202163696289,1.0,0.005139423076923077,0.00032735576923076924,0,0.75,0.75,0.0
338,1084800,-723.3975038528442,-7.233975052833557,-723.3975038528442,-7.233975052833557,0.0,723.3975038528442,7.233975052833557,85.84725379943848,0.8584728002548214,3.4853008508682253,0.0,0.0,nan,nan,nan,nan,nan,nan,nan,nan,nan,nan,10848,-0.0006262830958991827,0.02320789210498333,1.4494805693626405,0.0035490747541189194,0.04856073409318924,0.04856073409318924,0.05999728180468082,0.0006600276199606014,0.0028187500240164807,0.6469457149505615,1.0,0.005125,0.00032625000000000004,0,0.75,0.75,0.0
339,1088000,-786.1632900238037,-7.8616328620910645,-786.1632900238037,-7.8616328620910645,0.0,786.1632900238037,7.8616328620910645,23.081467628479004,0.23081499099731406,3.5787921166419983,0.0,0.0,nan,nan,nan,nan,nan,nan,nan,nan,nan,nan,10880,-0.0009418344212579477,0.018720813374966384,1.4485653519630433,0.0010155678261071443,0.051463663950562476,0.051463663950562476,0.05993130877614021,0.00126208962083183,0.006371875083277701,0.5585206747055054,1.0,0.005110576923076923,0.0003251442307692308,0,0.75,0.75,0.0
340,1091200,-870.3229074478149,-8.703229322433472,-870.3229074478149,-8.703229322433472,0.0,870.3229074478149,8.703229322433472,-61.07814979553223,-0.6107814693450937,4.179868593215942,0.0,0.0,-936.771999835968,-9.36771999835968,-936.771999835968,-9.36771999835968,100.0,6.058844324350357,0.0,0.0,936.771999835968,-132.10951900482178,10912,-0.0007953234693559352,0.037420385703444484,1.4470458030700684,0.010540501354262233,0.050564973056316374,0.050564973056316374,0.08720345869660377,0.001376309190527536,0.008087499874818604,0.5361080169677734,1.0,0.005096153846153847,0.0003240384615384616,0,0.75,0.75,0.0
341,1094400,-831.2748107910156,-8.312748260498047,-831.2748107910156,-8.312748260498047,0.0,831.2748107910156,8.312748260498047,-22.03005313873291,-0.2203004074096686,4.285441675186157,0.0,0.0,nan,nan,nan,nan,nan,nan,nan,nan,nan,nan,10944,-0.0004207137316290854,0.028322846069931983,1.4496005058288575,0.006374229583889246,0.04658240750432015,0.04658240750432015,0.06683542244136334,0.0012814155947125983,0.007828125042578904,0.46495741605758667,1.0,0.005081730769230769,0.00032293269230769235,0,0.75,0.75,0.0
342,1097600,-754.7067804336548,-7.5470682144165036,-754.7067804336548,-7.5470682144165036,0.0,754.7067804336548,7.5470682144165036,54.53797721862793,0.545379638671875,3.146976284980774,0.0,0.0,nan,nan,nan,nan,nan,nan,nan,nan,nan,nan,10976,-0.0004155621087026162,0.032767991349101064,1.4585845708847045,0.008577337255701423,0.03580726683139801,0.03580726683139801,0.08260361105203629,0.0006917019858519779,0.0008718750017578713,0.2090098261833191,1.0,0.005067307692307691,0.00032182692307692305,0,0.75,0.75,0.0
343,1100800,-823.7555828094482,-8.237555813789367,-823.7555828094482,-8.237555813789367,0.0,823.7555828094482,8.237555813789367,-14.510825157165527,-0.14510796070098841,3.9275176453590395,0.0,0.0,nan,nan,nan,nan,nan,nan,nan,nan,nan,nan,11008,-0.0006748747957288082,0.02806552927941084,1.464616298675537,0.005957352928817272,0.041201860457658765,0.041201860457658765,0.0692047730088234,0.0009744147537276149,0.005953125085216016,0.24826300144195557,1.0,0.0050528846153846145,0.0003207211538461538,0,0.75,0.75,0.0
344,1104000,-794.9866800308228,-7.949866862297058,-794.9866800308228,-7.949866862297058,0.0,794.9866800308228,7.949866862297058,14.258077621459961,0.1425809907913207,4.072640519142151,0.0,0.0,nan,nan,nan,nan,nan,nan,nan,nan,nan,nan,11040,-0.0006287361378897848,0.02270861975848675,1.4551367521286012,0.0033939228393137454,0.0542229425162077,0.0542229425162077,0.05606949105858803,0.0008506307181960438,0.004050000075949356,0.4150673747062683,1.0,0.005038461538461538,0.0003196153846153846,0,0.75,0.75,0.0
345,1107200,-761.742883682251,-7.6174289321899415,-761.742883682251,-7.6174289321899415,0.0,761.742883682251,7.6174289321899415,47.50187397003174,0.475018920898437,3.8947224903106687,0.0,0.0,nan,nan,nan,nan,nan,nan,nan,nan,nan,nan,11072,-0.000583112716200418,0.03194457050412893,1.430848979949951,0.008200532430782915,0.054297690466046336,0.054297690466046336,0.06968155279755592,0.0006491190597444074,0.003437500016298145,0.562200665473938,1.0,0.005024038461538461,0.00031850961538461536,0,0.75,0.75,0.0
346,1110400,-873.340181350708,-8.73340181350708,-873.340181350708,-8.73340181350708,0.0,873.340181350708,8.73340181350708,-64.0954236984253,-0.6409539604187007,4.684497480392456,0.0,0.0,nan,nan,nan,nan,nan,nan,nan,nan,nan,nan,11104,-0.0008671065906702858,0.04111898466944695,1.4378281116485596,0.01248942008242011,0.040258048102259636,0.040258048102259636,0.08326189294457435,0.001540086143722874,0.00693437505979091,0.4150441288948059,1.0,0.005009615384615384,0.00031740384615384616,0,0.75,0.75,0.0
347,1113600,-831.5403299331665,-8.315403270721436,-831.5403299331665,-8.315403270721436,0.0,831.5403299331665,8.315403270721436,-22.29557228088379,-0.2229554176330577,4.078247010707855,0.0,0.0,nan,nan,nan,nan,nan,nan,nan,nan,nan,nan,11136,-0.0006407940607983664,0.03201582934707403,1.4223814845085143,0.008262051036581397,0.03904176503419876,0.03904176503419876,0.07969582751393318,0.0006514245993457735,0.004168749999371358,0.5080906748771667,1.0,0.004995192307692307,0.0003162980769230769,0,0.75,0.75,0.0
348,1116800,-846.7641105651855,-8.46764123916626,-846.7641105651855,-8.46764123916626,0.0,846.7641105651855,8.46764123916626,-37.51935291290283,-0.375193386077882,3.6412602710723876,0.0,0.0,nan,nan,nan,nan,nan,nan,nan,nan,nan,nan,11168,-0.0008013579424819728,0.02111701015383005,1.4131579399108887,0.002718533715233207,0.0756453663110733,0.0756453663110733,0.05944371931254864,0.000986456107784761,0.004768749978393316,0.5533545017242432,1.0,0.0049807692307692305,0.00031519230769230767,0,0.75,0.75,0.0
349,1120000,-784.2198495864868,-7.842198371887207,-784.2198495864868,-7.842198371887207,0.0,784.2198495864868,7.842198371887207,25.0249080657959,0.2502494812011715,3.707168836593628,0.0,0.0,nan,nan,nan,nan,nan,nan,nan,nan,nan,nan,11200,-0.0005382770976051887,0.031212572753429414,1.4198949098587037,0.008016319619491697,0.029340774193406104,0.029340774193406104,0.07711620628833771,0.0008471616125461878,0.006146875063132029,0.3171883225440979,1.0,0.004966346153846154,0.0003140865384615385,0,0.75,0.75,0.0
350,1123200,-843.212230682373,-8.432122278213502,-843.212230682373,-8.432122278213502,0.0,843.212230682373,8.432122278213502,-33.96747303009033,-0.33967442512512314,4.081160278320312,0.0,0.0,nan,nan,nan,nan,nan,nan,nan,nan,nan,nan,11232,-0.0005025545180338487,0.018713095411658286,1.426919150352478,0.001787999225780368,0.03775984533131123,0.03775984533131123,0.050431419909000394,0.0003962238824897213,0.0018687499679799658,0.7033231854438782,1.0,0.004951923076923077,0.0003129807692307692,0,0.75,0.75,0.0
351,1126400,-772.3485651016235,-7.723485589027405,-772.3485651016235,-7.723485589027405,0.0,772.3485651016235,7.723485589027405,36.89619255065918,0.36896226406097377,3.764169166088104,0.0,0.0,nan,nan,nan,nan,nan,nan,nan,nan,nan,nan,11264,-0.000787845651723984,0.025405035354197025,1.4251271843910218,0.004878106247633696,0.052514456957578656,0.052514456957578656,0.06347641125321388,0.001074248056829674,0.0044781250093365085,0.6504220962524414,1.0,0.004937499999999999,0.00031187500000000003,0,0.75,0.75,0.0
352,1129600,-747.2206554412842,-7.472207055091858,-747.2206554412842,-7.472207055091858,0.0,747.2206554412842,7.472207055091858,62.024102210998535,0.6202407979965203,3.706000008583069,0.0,0.0,nan,nan,nan,nan,nan,nan,nan,nan,nan,nan,11296,-0.000823621605825764,0.02627127580344677,1.4244802355766297,0.005299190804362297,0.04126895722001791,0.04126895722001791,0.0722753457725048,0.0015011623210739345,0.006096874944341834,0.37221020460128784,1.0,0.004923076923076922,0.0003107692307692308,0,0.75,0.75,0.0
353,1132800,-741.582594871521,-7.415826287269592,-741.582594871521,-7.415826287269592,0.0,741.582594871521,7.415826287269592,67.66216278076172,0.6766215658187864,4.028546051979065,0.0,0.0,nan,nan,nan,nan,nan,nan,nan,nan,nan,nan,11328,-0.0006739778962859599,0.029074005782604218,1.3867201805114746,0.007056095451116562,0.03899635747075081,0.03899635747075081,0.07255221717059612,0.0010298726127075497,0.006487499974900857,0.5463019609451294,1.0,0.004908653846153846,0.00030966346153846154,0,0.75,0.75,0.0
354,1136000,-895.0429058074951,-8.950429248809815,-895.0429058074951,-8.950429248809815,0.0,895.0429058074951,8.950429248809815,-85.7981481552124,-0.8579813957214366,5.409367685317993,0.0,0.0,nan,nan,nan,nan,nan,nan,nan,nan,nan,nan,11360,-0.0012590187952038923,0.0351736331358552,1.3849741339683532,0.009549414739012718,0.05849338509142399,0.05849338509142399,0.08233440965414048,0.002016351895144908,0.012337500031571835,0.3965989947319031,1.0,0.004894230769230769,0.00030855769230769234,0,0.75,0.75,0.0
355,1139200,-861.7378273010254,-8.617378053665162,-861.7378273010254,-8.617378053665162,0.0,861.7378273010254,8.617378053665162,-52.493069648742676,-0.5249302005767831,4.173481092453003,0.0,0.0,nan,nan,nan,nan,nan,nan,nan,nan,nan,nan,11392,-0.0008665179522067135,0.026855573803186417,1.3543150067329406,0.005952472286298871,0.05821699313819408,0.05821699313819408,0.07034119330346585,0.0010862561633985025,0.004521874990314245,0.6054387092590332,1.0,0.004879807692307692,0.0003074519230769231,0,0.75,0.75,0.0
356,1142400,-782.5638933181763,-7.825639319419861,-782.5638933181763,-7.825639319419861,0.0,782.5638933181763,7.825639319419861,26.680864334106445,0.26680853366851753,3.7288179755210877,0.0,0.0,nan,nan,nan,nan,nan,nan,nan,nan,nan,nan,11424,-0.0008990175260231049,0.03163326699286699,1.3614006519317627,0.008293878193944693,0.05513180904090405,0.05513180904090405,0.06935729719698429,0.0011612397640419659,0.006756249858881347,0.5032273530960083,1.0,0.004865384615384615,0.0003063461538461539,0,0.75,0.75,0.0
357,1145600,-728.9770441055298,-7.289770650863647,-728.9770441055298,-7.289770650863647,0.0,728.9770441055298,7.289770650863647,80.26771354675293,0.8026772022247313,3.623818778991699,0.0,0.0,nan,nan,nan,nan,nan,nan,nan,nan,nan,nan,11456,-0.0010099242500729133,0.0230729253962636,1.3626111149787903,0.003916564118117094,0.04769702181220055,0.04769702181220055,0.06806480772793293,0.001301927563326899,0.004309374975855462,0.5498293042182922,1.0,0.004850961538461538,0.00030524038461538465,0,0.75,0.75,0.0
358,1148800,-770.3980073928833,-7.703980236053467,-770.3980073928833,-7.703980236053467,0.0,770.3980073928833,7.703980236053467,38.846750259399414,0.3884676170349115,3.784413356781006,0.0,0.0,nan,nan,nan,nan,nan,nan,nan,nan,nan,nan,11488,-0.000531415128818491,0.0266245573759079,1.3756696462631226,0.0061273844446986915,0.03416552152484655,0.03416552152484655,0.06347763277590275,0.000839599337632535,0.0024874999769963326,0.6440737247467041,1.0,0.0048365384615384616,0.0003041346153846154,0,0.75,0.75,0.0
359,1152000,-780.4643135070801,-7.804643087387085,-780.4643135070801,-7.804643087387085,0.0,780.4643135070801,7.804643087387085,28.780444145202637,0.2878047657012939,3.9932664608955384,0.0,0.0,nan,nan,nan,nan,nan,nan,nan,nan,nan,nan,11520,-0.00031849303117487127,0.030305474437773226,1.3448570251464844,0.008349188324064016,0.028148680552840234,0.028148680552840234,0.0797947108745575,0.0006580628567462554,0.004024999999091961,0.4159788489341736,1.0,0.004822115384615385,0.0003030288461538462,0,0.75,0.75,0.0
360,1155200,-817.334114074707,-8.173341112136841,-817.334114074707,-8.173341112136841,0.0,817.334114074707,8.173341112136841,-8.089356422424316,-0.08089325904846234,4.677184453010559,0.0,0.0,-723.1979155540466,-7.231979155540467,-723.1979155540466,-7.231979155540467,100.0,3.724202476143837,0.0,0.0,723.1979155540466,81.46456527709961,11552,-0.0011900770993670483,0.038820624351501465,1.3649506568908691,0.01165797240100801,0.058392523974180224,0.058392523974180224,0.08315128833055496,0.0013136698631569742,0.007068750029429793,0.4638058543205261,1.0,0.004807692307692308,0.00030192307692307696,0,0.75,0.75,0.0
361,1158400,-844.5488538742065,-8.445488777160644,-844.5488538742065,-8.445488777160644,0.0,844.5488538742065,8.445488777160644,-35.30409622192383,-0.35304092407226584,4.481273231506347,0.0,0.0,nan,nan,nan,nan,nan,nan,nan,nan,nan,nan,11584,-0.0006997518220392962,0.038975055888295175,1.3769766688346863,0.012187556270509959,0.04512435533106327,0.04512435533106327,0.08391141667962074,0.0010270621332892915,0.006275000012828968,0.42299169301986694,1.0,0.00479326923076923,0.00030081730769230766,0,0.75,0.75,0.0
362,1161600,-834.8926248550415,-8.348926792144775,-834.8926248550415,-8.348926792144775,0.0,834.8926248550415,8.348926792144775,-25.64786720275879,-0.2564789390563966,4.67651198387146,0.0,0.0,nan,nan,nan,nan,nan,nan,nan,nan,nan,nan,11616,-0.000966893034381755,0.029372612573206426,1.398827064037323,0.007034633727744222,0.041795802861452104,0.041795802861452104,0.07172377407550812,0.0011648820189293474,0.005134375167835969,0.47991788387298584,1.0,0.004778846153846153,0.00029971153846153846,0,0.75,0.75,0.0
363,1164800,-786.0333251953125,-7.860333218574524,-786.0333251953125,-7.860333218574524,0.0,786.0333251953125,7.860333218574524,23.211432456970215,0.23211463451385494,3.4033523344993593,0.0,0.0,nan,nan,nan,nan,nan,nan,nan,nan,nan,nan,11648,-0.0003568615225987948,0.014848751947283745,1.3960121154785157,0.0004163219127804041,0.03483914900571108,0.03483914900571108,0.05169563516974449,0.0009245027300494258,0.0030812500743195416,0.7269693613052368,1.0,0.004764423076923076,0.0002986057692307692,0,0.75,0.75,0.0
364,1168000,-747.9455862045288,-7.4794557762146,-747.9455862045288,-7.4794557762146,0.0,747.9455862045288,7.4794557762146,61.299171447753906,0.6129920768737787,3.945243196487427,0.0,0.0,nan,nan,nan,nan,nan,nan,nan,nan,nan,nan,11680,-0.0010089122956967954,0.017696828208863737,1.4047807574272155,0.0011667934246361255,0.055751222744584085,0.055751222744584085,0.059700222313404085,0.0012751843554724474,0.007965625124052167,0.5929274559020996,1.0,0.004749999999999999,0.00029749999999999997,0,0.75,0.75,0.0
365,1171200,-745.577465057373,-7.455774569511414,-745.577465057373,-7.455774569511414,0.0,745.577465057373,7.455774569511414,63.66729259490967,0.6366732835769646,3.8984705662727355,0.0,0.0,nan,nan,nan,nan,nan,nan,nan,nan,nan,nan,11712,-0.0006560287932326992,0.027655675634741785,1.4063763737678527,0.00651180543936789,0.04284293353557587,0.04284293353557587,0.0686271533370018,0.0014354022619954775,0.004928125008882489,0.5041282176971436,1.0,0.004735576923076922,0.0002963942307692308,0,0.75,0.75,0.0
366,1174400,-750.251428604126,-7.502514662742615,-750.251428604126,-7.502514662742615,0.0,750.251428604126,7.502514662742615,58.99332904815674,0.5899331903457634,3.77726772069931,0.0,0.0,nan,nan,nan,nan,nan,nan,nan,nan,nan,nan,11744,-0.0007351372432836456,0.02027683099731803,1.3948601245880128,0.002817928697913885,0.03848074115812779,0.03848074115812779,0.06960585452616215,0.0010517099555727328,0.003996875031589298,0.6486205458641052,1.0,0.004721153846153845,0.0002952884615384615,0,0.75,0.75,0.0
367,1177600,-834.1640377044678,-8.341639933586121,-834.1640377044678,-8.341639933586121,0.0,834.1640377044678,8.341639933586121,-24.91928005218506,-0.24919208049774255,4.373163270950317,0.0,0.0,nan,nan,nan,nan,nan,nan,nan,nan,nan,nan,11776,-0.0007672406818382882,0.027556674368679524,1.4139111757278442,0.006356197688728571,0.046214699372649194,0.046214699372649194,0.0674195870757103,0.0010423261373944115,0.00636250002135057,0.6601025462150574,1.0,0.004706730769230769,0.00029418269230769233,0,0.75,0.75,0.0
368,1180800,-826.1759443283081,-8.261759328842164,-826.1759443283081,-8.261759328842164,0.0,826.1759443283081,8.261759328842164,-16.93118667602539,-0.16931147575378525,4.0099547839164735,0.0,0.0,nan,nan,nan,nan,nan,nan,nan,nan,nan,nan,11808,-0.0007045844037638638,0.024919951893389226,1.4242400169372558,0.00507241920568049,0.04621745087206364,0.04621745087206364,0.06976475454866886,0.001158388374824426,0.006575000056182034,0.5276798009872437,1.0,0.004692307692307692,0.0002930769230769231,0,0.75,0.75,0.0
369,1184000,-756.2127828598022,-7.562128219604492,-756.2127828598022,-7.562128219604492,0.0,756.2127828598022,7.562128219604492,53.03197479248047,0.5303196334838862,3.8280035424232484,0.0,0.0,nan,nan,nan,nan,nan,nan,nan,nan,nan,nan,11840,-0.0011224494806287067,0.02124008573591709,1.402929425239563,0.002934851450845599,0.05298758447170258,0.05298758447170258,0.06772664301097393,0.0013435187716822838,0.002884375033318065,0.5834856033325195,1.0,0.004677884615384615,0.00029197115384615383,0,0.75,0.75,0.0
370,1187200,-738.994912147522,-7.389948906898499,-738.994912147522,-7.389948906898499,0.0,738.994912147522,7.389948906898499,70.24984550476074,0.7024989461898796,3.7278185749053954,0.0,0.0,nan,nan,nan,nan,nan,nan,nan,nan,nan,nan,11872,-0.0012191444982889265,0.020381981693208217,1.380845320224762,0.0025323275476694107,0.06232432648539543,0.06232432648539543,0.05787726081907749,0.0021938680518360345,0.01833437499590218,0.7446868419647217,1.0,0.004663461538461538,0.00029086538461538464,0,0.75,0.75,0.0
371,1190400,-785.7772169113159,-7.857772459983826,-785.7772169113159,-7.857772459983826,0.0,785.7772169113159,7.857772459983826,23.467540740966797,0.23467539310455265,4.383739938735962,0.0,0.0,nan,nan,nan,nan,nan,nan,nan,nan,nan,nan,11904,-0.00032275806694528344,0.023920950293540955,1.4173223853111268,0.00504853087477386,0.05120507329702377,0.05120507329702377,0.07223839834332466,0.0009369574880111031,0.0025781249976716937,0.6252111196517944,1.0,0.004649038461538461,0.0002897596153846154,0,0.75,0.75,0.0
372,1193600,-846.2903718948364,-8.462903861999513,-846.2903718948364,-8.462903861999513,0.0,846.2903718948364,8.462903861999513,-37.04561424255371,-0.37045600891113395,4.057458167076111,0.0,0.0,nan,nan,nan,nan,nan,nan,nan,nan,nan,nan,11936,-0.0006358895256271313,0.03482256159186363,1.4406503319740296,0.010098530724644662,0.03791629150509834,0.03791629150509834,0.07643684446811676,0.0008859045277858968,0.004174999950191704,0.5604812502861023,1.0,0.004634615384615385,0.0002886538461538462,0,0.75,0.75,0.0
373,1196800,-788.4260873794556,-7.884260830879211,-788.4260873794556,-7.884260830879211,0.0,788.4260873794556,7.884260830879211,20.81867027282715,0.20818702220916752,3.6255723524093626,0.0,0.0,nan,nan,nan,nan,nan,nan,nan,nan,nan,nan,11968,-0.0008893871748004934,0.025758936628699304,1.4448882341384888,0.005314419930800796,0.04305952601134777,0.04305952601134777,0.07670762874186039,0.0009754377471836051,0.004296875087311492,0.6860677599906921,1.0,0.004620192307692308,0.00028754807692307695,0,0.75,0.75,0.0
374,1200000,-767.7599258422852,-7.67759910106659,-767.7599258422852,-7.67759910106659,0.0,767.7599258422852,7.67759910106659,41.48483180999756,0.41484875202178895,3.9268519115447997,0.0,0.0,nan,nan,nan,nan,nan,nan,nan,nan,nan,nan,12000,-0.0003488897522245793,0.03505416717380285,1.4546223878860474,0.010478539066389203,0.032910685800015924,0.032910685800015924,0.08571564257144929,0.0006109748930612114,0.0004718750104075298,0.3614398241043091,1.0,0.00460576923076923,0.0002864423076923077,0,0.75,0.75,0.0
375,1203200,-750.5276184082031,-7.505276050567627,-750.5276184082031,-7.505276050567627,0.0,750.5276184082031,7.505276050567627,58.71713924407959,0.5871718025207517,3.8546014404296876,0.0,0.0,nan,nan,nan,nan,nan,nan,nan,nan,nan,nan,12032,-0.0006189486128496569,0.03759924750775099,1.4750550627708434,0.01140818647108972,0.04139791876077652,0.04139791876077652,0.08494876548647881,0.0006575869703738136,0.0013687500031664968,0.4500129222869873,1.0,0.004591346153846153,0.0002853365384615385,0,0.75,0.75,0.0
376,1206400,-778.358452796936,-7.783584189414978,-778.358452796936,-7.783584189414978,0.0,778.358452796936,7.783584189414978,30.88630485534668,0.30886366367340035,3.705302243232727,0.0,0.0,nan,nan,nan,nan,nan,nan,nan,nan,nan,nan,12064,-0.0011843168773106427,0.0233276903629303,1.4727866411209107,0.0037386973388493063,0.055606705322861674,0.055606705322861674,0.06426485441625118,0.001748459455484408,0.008203124930150806,0.5629837512969971,1.0,0.0045769230769230765,0.00028423076923076926,0,0.75,0.75,0.0
377,1209600,-791.3126621246338,-7.913126401901245,-791.3126621246338,-7.913126401901245,0.0,791.3126621246338,7.913126401901245,17.932095527648926,0.17932145118713372,4.018899953365326,0.0,0.0,nan,nan,nan,nan,nan,nan,nan,nan,nan,nan,12096,-0.0007481504378491266,0.024310092255473138,1.4750722885131835,0.004676878498867154,0.043118204548954965,0.043118204548954965,0.0739780031144619,0.0013977208443975541,0.005771875130812986,0.6559194326400757,1.0,0.0045625,0.00028312500000000006,0,0.75,0.75,0.0
378,1212800,-715.0589618682861,-7.150589637756347,-715.0589618682861,-7.150589637756347,0.0,715.0589618682861,7.150589637756347,94.18579578399658,0.9418582153320312,3.5099896597862243,0.0,0.0,nan,nan,nan,nan,nan,nan,nan,nan,nan,nan,12128,-0.0004404427100613617,0.029531576298177244,1.457034945487976,0.007698638411238789,0.02786028292030096,0.02786028292030096,0.07573958747088909,0.0006926819136424456,0.00332187507301569,0.6012729406356812,1.0,0.004548076923076923,0.0002820192307692308,0,0.75,0.75,0.0
379,1216000,-802.9890031814575,-8.029890122413635,-802.9890031814575,-8.029890122413635,0.0,802.9890031814575,8.029890122413635,6.255754470825195,0.0625577306747438,3.856470532417297,0.0,0.0,nan,nan,nan,nan,nan,nan,nan,nan,nan,nan,12160,-0.00038277792736769457,0.026813768222928046,1.4658177137374877,0.006378595624119044,0.03739850986748934,0.03739850986748934,0.07977501451969146,0.0005516821998753585,0.001271874993108213,0.6065190434455872,1.0,0.004533653846153846,0.00028091346153846157,0,0.75,0.75,0.0
380,1219200,-809.7522621154785,-8.09752227783203,-809.7522621154785,-8.09752227783203,0.0,809.7522621154785,8.09752227783203,-0.5075044631958008,-0.005074424743652273,4.159802618026734,0.0,0.0,-828.2495608329773,-8.282495608329773,-828.2495608329773,-8.282495608329773,100.0,3.9617205049097537,0.0,0.0,828.2495608329773,-23.587080001831055,12192,-0.0004028687248908591,0.028765630349516867,1.473042106628418,0.007322929240763188,0.03313580919057131,0.03313580919057131,0.08488010540604592,0.0005197924561798573,0.0028062499826774,0.5004100799560547,1.0,0.004519230769230769,0.0002798076923076924,0,0.75,0.75,0.0
381,1222400,-713.0638046264648,-7.130638365745544,-713.0638046264648,-7.130638365745544,0.0,713.0638046264648,7.130638365745544,96.18095302581787,0.9618094873428342,3.5854475140571593,0.0,0.0,nan,nan,nan,nan,nan,nan,nan,nan,nan,nan,12224,-0.000691923051484622,0.020190527476370335,1.4552059769630432,0.0028479174710810185,0.04947563968598843,0.04947563968598843,0.06727468371391296,0.0004940457798511489,0.003559375007171184,0.6980191469192505,1.0,0.004504807692307692,0.00027870192307692307,0,0.75,0.75,0.0
382,1225600,-829.4862003326416,-8.294861688613892,-829.4862003326416,-8.294861688613892,0.0,829.4862003326416,8.294861688613892,-20.241442680358887,-0.20241383552551362,4.86519115447998,0.0,0.0,nan,nan,nan,nan,nan,nan,nan,nan,nan,nan,12256,-0.0007729297139274394,0.03967760838568211,1.4654776096343993,0.01248531611636281,0.042733334004879,0.042733334004879,0.09322391226887702,0.0010527798251132481,0.004137500002980232,0.06620460748672485,1.0,0.004490384615384615,0.0002775961538461538,0,0.75,0.75,0.0
383,1228800,-806.9216899871826,-8.069216632843018,-806.9216899871826,-8.069216632843018,0.0,806.9216899871826,8.069216632843018,2.3230676651000977,0.023231220245360618,4.019933404922486,0.0,0.0,nan,nan,nan,nan,nan,nan,nan,nan,nan,nan,12288,-0.0006667907133524054,0.026110770367085933,1.4798675060272217,0.005764764454215765,0.03541696183383465,0.03541696183383465,0.0700806152075529,0.0010182431022258242,0.0014156250428641215,0.4985376000404358,1.0,0.004475961538461538,0.0002764903846153846,0,0.75,0.75,0.0
384,1232000,-788.6012058258057,-7.886012053489685,-788.6012058258057,-7.886012053489685,0.0,788.6012058258057,7.886012053489685,20.64355182647705,0.20643579959869385,3.569605209827423,0.0,0.0,nan,nan,nan,nan,nan,nan,nan,nan,nan,nan,12320,-0.0015397441331762795,0.03423608895391226,1.4810125231742859,0.00897070593200624,0.05753188580274582,0.05753188580274582,0.07375483289361,0.002396144514568732,0.015740624899626708,0.5920206308364868,1.0,0.00446153846153846,0.0002753846153846154,0,0.75,0.75,0.0
385,1235200,-734.2236175537109,-7.3422364282608035,-734.2236175537109,-7.3422364282608035,0.0,734.2236175537109,7.3422364282608035,75.02114009857178,0.7502114248275751,3.49535879611969,0.0,0.0,nan,nan,nan,nan,nan,nan,nan,nan,nan,nan,12352,-0.0005837299847947008,0.024402748234570025,1.4989376783370971,0.0049516949336975815,0.03512681163847446,0.03512681163847446,0.062016526609659194,0.0007786175938235829,0.0021374999851104803,0.5426640510559082,1.0,0.0044471153846153836,0.00027427884615384613,0,0.75,0.75,0.0
386,1238400,-836.9341011047363,-8.369340839385986,-836.9341011047363,-8.369340839385986,0.0,836.9341011047363,8.369340839385986,-27.689343452453613,-0.2768929862976073,4.06422068119049,0.0,0.0,nan,nan,nan,nan,nan,nan,nan,nan,nan,nan,12384,-0.00048156108967525315,0.04151595160365105,1.5048727154731751,0.013605777360498904,0.03440192546695471,0.03440192546695471,0.08979943618178368,0.0004994076822185889,0.0004374999858555384,0.5416059494018555,1.0,0.004432692307692307,0.00027317307692307694,0,0.75,0.75,0.0
387,1241600,-855.1410775184631,-8.551410732269288,-855.1410775184631,-8.551410732269288,0.0,855.1410775184631,8.551410732269288,-45.89631986618042,-0.45896287918090906,4.526539893150329,0.0,0.0,nan,nan,nan,nan,nan,nan,nan,nan,nan,nan,12416,-0.000615990523589427,0.045178909227252005,1.5095689654350282,0.015303782094269991,0.050986891984939574,0.050986891984939574,0.09106645509600639,0.0007091240722729708,0.0006656250152445864,0.3263038992881775,1.0,0.00441826923076923,0.0002720673076923077,0,0.75,0.75,0.0
388,1244800,-797.9930000305176,-7.979929833412171,-797.9930000305176,-7.979929833412171,0.0,797.9930000305176,7.979929833412171,11.251757621765137,0.11251801967620789,4.513979144096375,0.0,0.0,nan,nan,nan,nan,nan,nan,nan,nan,nan,nan,12448,-0.0004463122019718879,0.038874925673007966,1.5143157720565796,0.012322336435317993,0.028486113622784616,0.028486113622784616,0.08714615330100059,0.001046364603098482,0.0030812499404419213,0.5124106407165527,1.0,0.004403846153846153,0.00027096153846153844,0,0.75,0.75,0.0
389,1248000,-856.5137157440186,-8.565137100219726,-856.5137157440186,-8.565137100219726,0.0,856.5137157440186,8.565137100219726,-47.26895809173584,-0.4726892471313473,4.577340049743652,0.0,0.0,nan,nan,nan,nan,nan,nan,nan,nan,nan,nan,12480,-0.0005124537707494881,0.05504980012774467,1.5092474460601806,0.020387721061706544,0.03357537966221571,0.03357537966221571,0.11135002598166466,0.0004887467118351197,0.0010906250099651515,0.13542985916137695,1.0,0.004389423076923076,0.00026985576923076925,0,0.75,0.75,0.0
390,1251200,-747.1462869644165,-7.471462669372559,-747.1462869644165,-7.471462669372559,0.0,747.1462869644165,7.471462669372559,62.09847068786621,0.6209851837158196,4.101281564235688,0.0,0.0,nan,nan,nan,nan,nan,nan,nan,nan,nan,nan,12512,-0.0009270580263574857,0.02692400459200144,1.5090214967727662,0.00593297528102994,0.042882300168275836,0.042882300168275836,0.06899071037769318,0.0008425192905633594,0.0027249999686318914,0.5690948367118835,1.0,0.0043749999999999995,0.00026875,0,0.75,0.75,0.0
391,1254400,-921.1801633834839,-9.211802005767822,-921.1801633834839,-9.211802005767822,0.0,921.1801633834839,9.211802005767822,-111.93540573120117,-1.1193541526794437,5.29488573551178,0.0,0.0,nan,nan,nan,nan,nan,nan,nan,nan,nan,nan,12544,-0.0005147860983390374,0.035894389264285564,1.5135489583015442,0.010832461901009083,0.043106934428215025,0.043106934428215025,0.08334031477570533,0.0005557340075029061,0.0004343749998952262,0.3757493495941162,1.0,0.004360576923076923,0.0002676442307692308,0,0.75,0.75,0.0
392,1257600,-744.3803911209106,-7.443804063796997,-744.3803911209106,-7.443804063796997,0.0,744.3803911209106,7.443804063796997,64.86436653137207,0.6486437892913814,3.8324147629737855,0.0,0.0,nan,nan,nan,nan,nan,nan,nan,nan,nan,nan,12576,-0.00101546324195807,0.037642909213900566,1.5222856879234314,0.011189903551712631,0.055222348868846895,0.055222348868846895,0.08975845500826836,0.0017568851693795296,0.0105031251674518,0.4435719847679138,1.0,0.004346153846153846,0.00026653846153846156,0,0.75,0.75,0.0
393,1260800,-734.2888813018799,-7.342888970375061,-734.2888813018799,-7.342888970375061,0.0,734.2888813018799,7.342888970375061,74.95587635040283,0.7495588827133179,3.0438015341758726,0.0,0.0,nan,nan,nan,nan,nan,nan,nan,nan,nan,nan,12608,-0.000628970630551251,0.03247650656849146,1.5285588026046752,0.00898797744885087,0.043607501313090324,0.043607501313090324,0.08883680030703545,0.00047600435100321193,0.001028124993899837,0.3377916216850281,1.0,0.004331730769230769,0.0002654326923076923,0,0.75,0.75,0.0
394,1264000,-796.920711517334,-7.969207119941712,-796.920711517334,-7.969207119941712,0.0,796.920711517334,7.969207119941712,12.32404613494873,0.12324073314666695,3.5693904733657837,0.0,0.0,nan,nan,nan,nan,nan,nan,nan,nan,nan,nan,12640,-0.0004477366006962136,0.030779396928846837,1.5374776363372802,0.00830419766716659,0.036557868123054504,0.036557868123054504,0.07904725298285484,0.0007209644692920847,0.0009812499964027665,0.47776758670806885,1.0,0.004317307692307692,0.0002643269230769231,0,0.75,0.75,0.0
395,1267200,-831.1981449127197,-8.311981048583984,-831.1981449127197,-8.311981048583984,0.0,831.1981449127197,8.311981048583984,-21.95338726043701,-0.21953319549560568,4.197919149398803,0.0,0.0,nan,nan,nan,nan,nan,nan,nan,nan,nan,nan,12672,-0.0005693960418343025,0.0427251074463129,1.5577502250671387,0.014090338721871376,0.03607770614326,0.03607770614326,0.09419475421309471,0.00079092649903032,0.0021187499805819243,0.3875892758369446,1.0,0.0043028846153846155,0.00026322115384615387,0,0.75,0.75,0.0
396,1270400,-737.3382968902588,-7.373383011817932,-737.3382968902588,-7.373383011817932,0.0,737.3382968902588,7.373383011817932,71.90646076202393,0.7190648412704466,3.7392710781097414,0.0,0.0,nan,nan,nan,nan,nan,nan,nan,nan,nan,nan,12704,-0.0005701046538714394,0.019672971591353415,1.5563328623771668,0.002592107653617859,0.030210885033011437,0.030210885033011437,0.05813497416675091,0.0005321411279510357,0.0007312499830732122,0.5951316356658936,1.0,0.004288461538461539,0.0002621153846153847,0,0.75,0.75,0.0
397,1273600,-884.9766426086426,-8.849766130447387,-884.9766426086426,-8.849766130447387,0.0,884.9766426086426,8.849766130447387,-75.73188495635986,-0.7573182773590084,4.244228024482727,0.0,0.0,nan,nan,nan,nan,nan,nan,nan,nan,nan,nan,12736,-0.0010243171220703396,0.060764702036976814,1.5506675839424133,0.022730421088635922,0.048249293491244315,0.048249293491244315,0.11712159961462021,0.0009610737330149277,0.004721875011455268,0.2886178493499756,1.0,0.004274038461538461,0.0002610096153846154,0,0.75,0.75,0.0
398,1276800,-816.9981842041016,-8.169981336593628,-816.9981842041016,-8.169981336593628,0.0,816.9981842041016,8.169981336593628,-7.753426551818848,-0.07753348350524902,4.2587307357788085,0.0,0.0,nan,nan,nan,nan,nan,nan,nan,nan,nan,nan,12768,-0.0004990650380379158,0.01639917129650712,1.5462408185005188,0.001114129787310958,0.029218400456011297,0.029218400456011297,0.05685999877750873,0.0011120022030809197,0.0037968750461004675,0.5738025307655334,1.0,0.004259615384615384,0.0002599038461538462,0,0.75,0.75,0.0
399,1280000,-750.7093362808228,-7.5070932531356815,-750.7093362808228,-7.5070932531356815,0.0,750.7093362808228,7.5070932531356815,58.53542137145996,0.585354599952697,3.738945300579071,0.0,0.0,nan,nan,nan,nan,nan,nan,nan,nan,nan,nan,12800,-0.0005891788682507837,0.02848618049174547,1.5392224550247193,0.007119616027921438,0.04175695478916168,0.04175695478916168,0.07457903251051903,0.000500034200194932,0.00041250000067520886,0.5346086025238037,1.0,0.0042451923076923075,0.000258798076923077,0,0.75,0.75,0.0
400,1283200,-842.4948673248291,-8.424949026107788,-842.4948673248291,-8.424949026107788,0.0,842.4948673248291,8.424949026107788,-33.25010967254639,-0.3325011730194092,4.065199828147888,0.0,0.0,-924.0577657222748,-9.240577657222747,-924.0577657222748,-9.240577657222747,100.0,4.707140532918275,0.0,0.0,924.0577657222748,-119.39528489112854,12832,-0.00047612132625367564,0.03877046257257462,1.5326009154319764,0.012425028905272483,0.03393731415271759,0.03393731415271759,0.0861087016761303,0.0007862553327868226,0.0014968750154366716,0.39074045419692993,1.0,0.00423076923076923,0.0002576923076923077,0,0.75,0.75,0.0
401,1286400,-865.9614372253418,-8.659614295959473,-865.9614372253418,-8.659614295959473,0.0,865.9614372253418,8.659614295959473,-56.71667957305908,-0.5671664428710947,4.1628702449798585,0.0,0.0,nan,nan,nan,nan,nan,nan,nan,nan,nan,nan,12864,-0.00040716757084382495,0.04674368351697922,1.5335981845855713,0.01649849396198988,0.041353915631771085,0.041353915631771085,0.08934289216995239,0.0004622295895387651,0.0020375000400235876,0.3933926820755005,1.0,0.004216346153846153,0.00025658653846153843,0,0.75,0.75,0.0
402,1289600,-781.6776094436646,-7.816776032447815,-781.6776094436646,-7.816776032447815,0.0,781.6776094436646,7.816776032447815,27.567148208618164,0.2756718206405635,4.050143074989319,0.0,0.0,nan,nan,nan,nan,nan,nan,nan,nan,nan,nan,12896,-0.0008516544673591753,0.026063144207000732,1.5418575406074524,0.005701150838285684,0.041844567283988,0.041844567283988,0.07717735692858696,0.0010383155011368217,0.001759375020628795,0.5461008548736572,1.0,0.004201923076923076,0.00025548076923076924,0,0.75,0.75,0.0
403,1292800,-810.83460521698,-8.108345947265626,-810.83460521698,-8.108345947265626,0.0,810.83460521698,8.108345947265626,-1.5898475646972656,-0.0158980941772473,3.60615211725235,0.0,0.0,nan,nan,nan,nan,nan,nan,nan,nan,nan,nan,12928,-0.0007967488194757788,0.02876727804541588,1.5449037194252013,0.007117605721578002,0.050908065587282184,0.050908065587282184,0.07338355779647827,0.001191116761401645,0.006031249999068677,0.5996299982070923,1.0,0.004187499999999999,0.000254375,0,0.75,0.75,0.0
404,1296000,-813.0079298019409,-8.130078649520874,-813.0079298019409,-8.130078649520874,0.0,813.0079298019409,8.130078649520874,-3.763172149658203,-0.03763079643249512,3.796539659500122,0.0,0.0,nan,nan,nan,nan,nan,nan,nan,nan,nan,nan,12960,-0.0007884497757360443,0.028036080487072467,1.5418000102043152,0.006795540684834123,0.046451187878847125,0.046451187878847125,0.07293429672718048,0.0008439154460575082,0.0017062500162865035,0.5426163673400879,1.0,0.004173076923076923,0.00025326923076923074,0,0.75,0.75,0.0
405,1299200,-822.5569047927856,-8.225568990707398,-822.5569047927856,-8.225568990707398,0.0,822.5569047927856,8.225568990707398,-13.31214714050293,-0.13312113761901934,4.419332246780396,0.0,0.0,nan,nan,nan,nan,nan,nan,nan,nan,nan,nan,12992,-0.00044447646723124736,0.01727193621918559,1.5344501852989196,0.0018102446105331183,0.03821943197399378,0.03821943197399378,0.052405867353081705,0.000925210375135066,0.0035531249712221326,0.5265089869499207,1.0,0.004158653846153846,0.00025216346153846155,0,0.75,0.75,0.0
406,1302400,-904.7019500732422,-9.04701964378357,-904.7019500732422,-9.04701964378357,0.0,904.7019500732422,9.04701964378357,-95.45719242095947,-0.9545717906951907,4.999065427780152,0.0,0.0,nan,nan,nan,nan,nan,nan,nan,nan,nan,nan,13024,-0.0005821451817290324,0.030421404540538786,1.5340160965919494,0.008271240023896098,0.029413351230323313,0.029413351230323313,0.08663627803325653,0.0006346936699628714,0.0015374999842606486,0.3732462525367737,1.0,0.004144230769230769,0.0002510576923076923,0,0.75,0.75,0.0
407,1305600,-790.75390625,-7.907538800239563,-790.75390625,-7.907538800239563,0.0,790.75390625,7.907538800239563,18.490851402282715,0.18490905284881531,4.124137225151062,0.0,0.0,nan,nan,nan,nan,nan,nan,nan,nan,nan,nan,13056,-0.0009745138434343881,0.029721730574965476,1.5279082536697388,0.0075763843953609465,0.047841726988554004,0.047841726988554004,0.07248185425996781,0.001206996298969898,0.002740625024307519,0.5255222320556641,1.0,0.004129807692307691,0.0002499519230769231,0,0.75,0.75,0.0
408,1308800,-815.8812818527222,-8.1588126373291,-815.8812818527222,-8.1588126373291,0.0,815.8812818527222,8.1588126373291,-6.636524200439453,-0.06636478424072223,4.593971676826477,0.0,0.0,nan,nan,nan,nan,nan,nan,nan,nan,nan,nan,13088,-0.0007039988864853353,0.036325813829898836,1.5109314322471619,0.011240844056010247,0.056210977211594584,0.056210977211594584,0.09588523134589196,0.0010671537544112652,0.004999999975552782,0.5326856374740601,1.0,0.0041153846153846145,0.00024884615384615386,0,0.75,0.75,0.0
409,1312000,-811.9065704345703,-8.11906566619873,-811.9065704345703,-8.11906566619873,0.0,811.9065704345703,8.11906566619873,-2.6618127822875977,-0.026617813110352273,3.7964102602005005,0.0,0.0,nan,nan,nan,nan,nan,nan,nan,nan,nan,nan,13120,-0.00040474426470173965,0.02382196169346571,1.5200562119483947,0.005272544454783201,0.039165087044239044,0.039165087044239044,0.062037133425474164,0.0008374917670153081,0.002571874970453791,0.5353801846504211,1.0,0.004100961538461538,0.0002477403846153846,0,0.75,0.75,0.0
410,1315200,-907.8166913986206,-9.078166723251343,-907.8166913986206,-9.078166723251343,0.0,907.8166913986206,9.078166723251343,-98.57193374633789,-0.9857188701629642,4.507350120544434,0.0,0.0,nan,nan,nan,nan,nan,nan,nan,nan,nan,nan,13152,-0.0005763806834831575,0.031574910134077074,1.5288044929504394,0.008963555842638016,0.04440569095313549,0.04440569095313549,0.07914883494377137,0.0005680933380062924,0.003218750029918738,0.354498028755188,1.0,0.004086538461538461,0.0002466346153846154,0,0.75,0.75,0.0
411,1318400,-804.4562673568726,-8.044562287330628,-804.4562673568726,-8.044562287330628,0.0,804.4562673568726,8.044562287330628,4.788490295410156,0.047885565757750825,4.148118524551392,0.0,0.0,nan,nan,nan,nan,nan,nan,nan,nan,nan,nan,13184,-0.0004105873190768716,0.026414302922785283,1.5319524645805358,0.0065582770388573405,0.05030817538499832,0.05030817538499832,0.06268154978752136,0.0003978493221438839,0.0017343750252621249,0.46360158920288086,1.0,0.004072115384615384,0.00024552884615384617,0,0.75,0.75,0.0
412,1321600,-811.4893503189087,-8.114893627166747,-811.4893503189087,-8.114893627166747,0.0,811.4893503189087,8.114893627166747,-2.2445926666259766,-0.022445774078368785,3.9609934067726136,0.0,0.0,nan,nan,nan,nan,nan,nan,nan,nan,nan,nan,13216,-0.0008989387699053442,0.028846879303455353,1.5264483451843263,0.007330643013119698,0.05171061828732491,0.05171061828732491,0.06972524970769882,0.001327499525359599,0.0021000000182539225,0.5973384380340576,1.0,0.004057692307692307,0.00024442307692307697,0,0.75,0.75,0.0
413,1324800,-876.0898885726929,-8.760899333953857,-876.0898885726929,-8.760899333953857,0.0,876.0898885726929,8.760899333953857,-66.84513092041016,-0.6684514808654782,4.175485949516297,0.0,0.0,nan,nan,nan,nan,nan,nan,nan,nan,nan,nan,13248,-0.0008785078246321021,0.04657573476433754,1.4982896089553832,0.016351370979100464,0.04982062801718712,0.04982062801718712,0.08928112536668778,0.001360668149936828,0.004431249944900628,0.3915776014328003,1.0,0.0040432692307692305,0.00024331730769230772,0,0.75,0.75,0.0
414,1328000,-804.7586727142334,-8.047586760520936,-804.7586727142334,-8.047586760520936,0.0,804.7586727142334,8.047586760520936,4.486084938049316,0.04486109256744264,3.82724547624588,0.0,0.0,nan,nan,nan,nan,nan,nan,nan,nan,nan,nan,13280,-0.0005514841154705241,0.03663464356213808,1.4982418179512025,0.011729651968926192,0.057103701680898664,0.057103701680898664,0.08566042259335518,0.0006404348523574299,0.003762499988079071,0.5252154469490051,1.0,0.004028846153846154,0.00024221153846153848,0,0.75,0.75,0.0
415,1331200,-750.4426651000977,-7.5044269943237305,-750.4426651000977,-7.5044269943237305,0.0,750.4426651000977,7.5044269943237305,58.80209255218506,0.588020858764648,3.284867627620697,0.0,0.0,nan,nan,nan,nan,nan,nan,nan,nan,nan,nan,13312,-0.0003378992536214653,0.022643259540200234,1.4887768745422363,0.005007150396704674,0.0497832577675581,0.0497832577675581,0.07726910412311554,0.0005739509160775924,0.002534375007962808,0.4043983221054077,1.0,0.004014423076923077,0.00024110576923076928,0,0.75,0.75,0.0
416,1334400,-766.3947057723999,-7.663947119712829,-766.3947057723999,-7.663947119712829,0.0,766.3947057723999,7.663947119712829,42.85005187988281,0.4285007333755493,3.764358124732971,0.0,0.0,nan,nan,nan,nan,nan,nan,nan,nan,nan,nan,13344,-0.00039772765577361646,0.04353441409766674,1.4924399733543396,0.015399718936532737,0.04269173555076122,0.04269173555076122,0.10281188786029816,0.00038447058523161104,0.0009812499978579582,0.28160572052001953,1.0,0.004,0.00024000000000000003,0,0.75,0.75,0.0
417,1337600,-772.8757591247559,-7.728757667541504,-772.8757591247559,-7.728757667541504,0.0,772.8757591247559,7.728757667541504,36.368998527526855,0.3636901855468748,4.040805294513702,0.0,0.0,nan,nan,nan,nan,nan,nan,nan,nan,nan,nan,13376,-0.0003460189343691855,0.01790148504078388,1.4889844894409179,0.002670261450111866,0.03551417104899883,0.03551417104899883,0.06778026632964611,0.0004997427500711638,0.002040624967048643,0.6506779193878174,1.0,0.003985576923076923,0.00023889423076923084,0,0.75,0.75,0.0
418,1340800,-849.6515979766846,-8.496515579223633,-849.6515979766846,-8.496515579223633,0.0,849.6515979766846,8.496515579223633,-40.406840324401855,-0.40406772613525455,4.7851633644104,0.0,0.0,nan,nan,nan,nan,nan,nan,nan,nan,nan,nan,13408,-0.0004615766825097012,0.033459060825407505,1.4803674340248107,0.010389186860993504,0.06234663315117359,0.06234663315117359,0.07522534504532814,0.0005197772901738062,0.003371874975709943,0.5906765460968018,1.0,0.0039711538461538465,0.0002377884615384616,0,0.75,0.75,0.0
419,1344000,-829.3802814483643,-8.2938028049469,-829.3802814483643,-8.2938028049469,0.0,829.3802814483643,8.2938028049469,-20.135523796081543,-0.20135495185852115,4.33819628238678,0.0,0.0,nan,nan,nan,nan,nan,nan,nan,nan,nan,nan,13440,-0.0006475423876661779,0.044943075999617575,1.4377554655075073,0.016135184466838835,0.04289068970829248,0.04289068970829248,0.1053902566432953,0.0005691179430868942,0.00325937494635582,0.27115607261657715,1.0,0.003956730769230769,0.00023668269230769234,0,0.75,0.75,0.0
420,1347200,-844.4019975662231,-8.444020280838012,-844.4019975662231,-8.444020280838012,0.0,844.4019975662231,8.444020280838012,-35.15723991394043,-0.35157242774963393,3.9287344002723694,0.0,0.0,-964.3713471889496,-9.643713471889496,-964.3713471889496,-9.643713471889496,100.0,5.529284921884536,0.0,0.0,964.3713471889496,-159.70886635780334,13472,-0.0005637830195075466,0.018420343194156884,1.4428441286087037,0.002958253305405378,0.05017408989369869,0.05017408989369869,0.06052273288369179,0.0006720900985783373,0.005043750093318522,0.6661951541900635,1.0,0.003942307692307691,0.00023557692307692304,0,0.75,0.75,0.0
421,1350400,-776.5257091522217,-7.765256972312927,-776.5257091522217,-7.765256972312927,0.0,776.5257091522217,7.765256972312927,32.719048500061035,0.32719088077545155,3.938231909275055,0.0,0.0,nan,nan,nan,nan,nan,nan,nan,nan,nan,nan,13504,-0.0007901590275869452,0.029087268002331256,1.442854928970337,0.008086106926202773,0.07386485636234283,0.07386485636234283,0.08880670517683029,0.0007994335117473383,0.0033937499683815986,0.5992399454116821,1.0,0.003927884615384614,0.00023447115384615385,0,0.75,0.75,0.0
422,1353600,-927.0334234237671,-9.270333709716796,-927.0334234237671,-9.270333709716796,0.0,927.0334234237671,9.270333709716796,-117.78866577148438,-1.1778858566284178,4.895582752227783,0.0,0.0,nan,nan,nan,nan,nan,nan,nan,nan,nan,nan,13536,-0.0003461445540487773,0.04462554268538952,1.4352524399757385,0.016349821444600822,0.030125492066144944,0.030125492066144944,0.10205928534269333,0.000891532278546947,0.0002968750079162419,0.48618531227111816,1.0,0.0039134615384615375,0.0002333653846153846,0,0.75,0.75,0.0
423,1356800,-811.4178504943848,-8.114178981781006,-811.4178504943848,-8.114178981781006,0.0,811.4178504943848,8.114178981781006,-2.173092842102051,-0.021731128692627166,3.63978378534317,0.0,0.0,nan,nan,nan,nan,nan,nan,nan,nan,nan,nan,13568,-0.0005218988915090428,0.03487804401665926,1.4215885281562806,0.01137429466471076,0.035818543285131454,0.035818543285131454,0.09005444645881652,0.0006124308782091247,0.000918750007986091,0.48204827308654785,1.0,0.0038990384615384607,0.00023225961538461535,0,0.75,0.75,0.0
424,1360000,-806.2074642181396,-8.062074303627014,-806.2074642181396,-8.062074303627014,0.0,806.2074642181396,8.062074303627014,3.0372934341430664,0.03037354946136439,4.511781930923462,0.0,0.0,nan,nan,nan,nan,nan,nan,nan,nan,nan,nan,13600,-0.00040642793485314856,0.02815937586128712,1.4297191739082336,0.00811935095116496,0.08861388675868512,0.08861388675868512,0.07620569914579392,0.0007380601258773822,0.003175000019837171,0.5353124141693115,1.0,0.003884615384615384,0.00023115384615384616,0,0.75,0.75,0.0
425,1363200,-810.2587118148804,-8.102587127685547,-810.2587118148804,-8.102587127685547,0.0,810.2587118148804,8.102587127685547,-1.0139541625976562,-0.01013927459716868,3.995770745277405,0.0,0.0,nan,nan,nan,nan,nan,nan,nan,nan,nan,nan,13632,-0.0007924987479345447,0.04114908799529075,1.397102952003479,0.014374988339841365,0.08465221486985683,0.08465221486985683,0.09525127559900284,0.001168668840546161,0.009740624949336052,0.5784581899642944,1.0,0.003870192307692307,0.0002300480769230769,0,0.75,0.75,0.0
426,1366400,-851.1740465164185,-8.511740560531615,-851.1740465164185,-8.511740560531615,0.0,851.1740465164185,8.511740560531615,-41.92928886413574,-0.4192927074432369,4.639591364860535,0.0,0.0,nan,nan,nan,nan,nan,nan,nan,nan,nan,nan,13664,-0.0004330199688047376,0.052852383255958556,1.3888805031776428,0.020637969113886358,0.038373859226703645,0.038373859226703645,0.09869972467422486,0.0005120837755384855,0.0017656249794526957,0.3839900493621826,1.0,0.0038557692307692303,0.0002289423076923077,0,0.75,0.75,0.0
427,1369600,-843.6991786956787,-8.436991777420044,-843.6991786956787,-8.436991777420044,0.0,843.6991786956787,8.436991777420044,-34.454421043395996,-0.34454392433166525,4.634180545806885,0.0,0.0,nan,nan,nan,nan,nan,nan,nan,nan,nan,nan,13696,-0.0009673317336243769,0.04016086496412754,1.3873112082481385,0.013783958368003368,0.05963306501507759,0.05963306501507759,0.08544262051582337,0.0010536460882576647,0.009609375269792508,0.5316418409347534,1.0,0.0038413461538461535,0.00022783653846153846,0,0.75,0.75,0.0
428,1372800,-859.5019941329956,-8.595019636154175,-859.5019941329956,-8.595019636154175,0.0,859.5019941329956,8.595019636154175,-50.25723648071289,-0.5025717830657968,4.407259130477906,0.0,0.0,nan,nan,nan,nan,nan,nan,nan,nan,nan,nan,13728,-0.0006198951201628944,0.04179819040000439,1.4107704639434815,0.014880289882421493,0.05313560217618942,0.05313560217618942,0.09962246604263783,0.0009681914736574982,0.003540624998277053,0.5289507508277893,1.0,0.0038269230769230767,0.00022673076923076922,0,0.75,0.75,0.0
429,1376000,-883.6093044281006,-8.836093339920044,-883.6093044281006,-8.836093339920044,0.0,883.6093044281006,8.836093339920044,-74.36454677581787,-0.7436454868316655,4.677033066749573,0.0,0.0,nan,nan,nan,nan,nan,nan,nan,nan,nan,nan,13760,-0.0003702571758301687,0.06796174645423889,1.4133731842041015,0.0282221307978034,0.10951459482312202,0.10951459482312202,0.13003883138298988,0.0010982722909830046,0.008231250033713878,0.5056010484695435,1.0,0.0038125,0.00022562500000000002,0,0.75,0.75,0.0
430,1379200,-949.4331550598145,-9.494331350326538,-949.4331550598145,-9.494331350326538,0.0,949.4331550598145,9.494331350326538,-140.18839740753174,-1.4018834972381597,5.24511947631836,0.0,0.0,nan,nan,nan,nan,nan,nan,nan,nan,nan,nan,13792,-0.0005787357590392617,0.051995310187339785,1.3774356722831727,0.02018731292337179,0.05824556909501553,0.05824556909501553,0.11326240599155427,0.0010392541225883178,0.0064906250598141925,0.5460765361785889,1.0,0.0037980769230769222,0.00022451923076923077,0,0.75,0.75,0.0
431,1382400,-798.863847732544,-7.988638381958008,-798.863847732544,-7.988638381958008,0.0,798.863847732544,7.988638381958008,10.38090991973877,0.10380947113037031,3.4697679686546326,0.0,0.0,nan,nan,nan,nan,nan,nan,nan,nan,nan,nan,13824,-0.0004977006667875594,0.021300071105360984,1.3508550763130187,0.00504116672091186,0.12039041221141815,0.12039041221141815,0.08365171067416668,0.0006679567784885875,0.006231250007112976,0.6883964538574219,1.0,0.0037836538461538454,0.00022341346153846158,0,0.75,0.75,0.0
432,1385600,-797.8793249130249,-7.978793182373047,-797.8793249130249,-7.978793182373047,0.0,797.8793249130249,7.978793182373047,11.365432739257812,0.11365467071533164,3.148742210865021,0.0,0.0,nan,nan,nan,nan,nan,nan,nan,nan,nan,nan,13856,-0.0006165355454635701,0.03037497289478779,1.3579986691474915,0.009452340565621853,0.05632227286696434,0.05632227286696434,0.07549305185675621,0.000858585002788459,0.005668750032782555,0.5806564092636108,1.0,0.0037692307692307686,0.00022230769230769233,0,0.75,0.75,0.0
433,1388800,-745.8259124755859,-7.458258771896363,-745.8259124755859,-7.458258771896363,0.0,745.8259124755859,7.458258771896363,63.41884517669678,0.6341890811920159,3.4770447850227355,0.0,0.0,nan,nan,nan,nan,nan,nan,nan,nan,nan,nan,13888,-0.00047972903713233706,0.02630189247429371,1.3418391346931458,0.007632869202643633,0.03410682063549757,0.03410682063549757,0.08239413723349572,0.0007783306300552795,0.0021281250104948413,0.5144970417022705,1.0,0.003754807692307692,0.00022120192307692308,0,0.75,0.75,0.0
434,1392000,-762.4448289871216,-7.624448466300964,-762.4448289871216,-7.624448466300964,0.0,762.4448289871216,7.624448466300964,46.79992866516113,0.4679993867874144,3.43762291431427,0.0,0.0,nan,nan,nan,nan,nan,nan,nan,nan,nan,nan,13920,-0.0006621947921172239,0.02918345369398594,1.3889286875724793,0.008734404342249036,0.04916578978300094,0.04916578978300094,0.0778648354113102,0.000825221504237561,0.004774999999790452,0.5850188732147217,1.0,0.003740384615384615,0.0002200961538461539,0,0.75,0.75,0.0
435,1395200,-825.1713123321533,-8.251712923049928,-825.1713123321533,-8.251712923049928,0.0,825.1713123321533,8.251712923049928,-15.926554679870605,-0.159265069961549,4.383084053993225,0.0,0.0,nan,nan,nan,nan,nan,nan,nan,nan,nan,nan,13952,-0.00039377221707543876,0.03846731223165989,1.3860401511192322,0.013675551582127809,0.03423312604427338,0.03423312604427338,0.09456022679805756,0.000544112446368672,0.00045312501461012287,0.49485713243484497,1.0,0.0037259615384615382,0.00021899038461538464,0,0.75,0.75,0.0
436,1398400,-747.7802333831787,-7.477802591323853,-747.7802333831787,-7.477802591323853,0.0,747.7802333831787,7.477802591323853,61.464524269104004,0.6146452617645259,3.388458926677704,0.0,0.0,nan,nan,nan,nan,nan,nan,nan,nan,nan,nan,13984,-0.0005104179677147159,0.029295176453888416,1.4180825352668762,0.008873902633786202,0.05805373601615429,0.05805373601615429,0.08624592274427414,0.00037651254242518915,0.0012250000057974831,0.528972327709198,1.0,0.0037115384615384614,0.00021788461538461545,0,0.75,0.75,0.0
437,1401600,-835.4284553527832,-8.354284038543701,-835.4284553527832,-8.354284038543701,0.0,835.4284553527832,8.354284038543701,-26.18369770050049,-0.26183618545532283,3.908489203453064,0.0,0.0,nan,nan,nan,nan,nan,nan,nan,nan,nan,nan,14016,-0.0005355034524400226,0.04362457171082497,1.4165188670158386,0.01603974848985672,0.04491951949894428,0.04491951949894428,0.09913885965943336,0.0010907942090852885,0.0033593749918509274,0.5774044990539551,1.0,0.0036971153846153846,0.0002167788461538462,0,0.75,0.75,0.0
438,1404800,-842.1379861831665,-8.421379985809326,-842.1379861831665,-8.421379985809326,0.0,842.1379861831665,8.421379985809326,-32.89322853088379,-0.3289321327209471,4.463879570960999,0.0,0.0,nan,nan,nan,nan,nan,nan,nan,nan,nan,nan,14048,-0.000374172448887844,0.059984428063035014,1.43808513879776,0.024322016164660454,0.039121007174253465,0.039121007174253465,0.11478789821267128,0.0006363967928336933,0.002456250015529804,0.24454182386398315,1.0,0.003682692307692308,0.00021567307692307695,0,0.75,0.75,0.0
439,1408000,-871.5760450363159,-8.715760231018066,-871.5760450363159,-8.715760231018066,0.0,871.5760450363159,8.715760231018066,-62.3312873840332,-0.6233123779296879,4.424894299507141,0.0,0.0,nan,nan,nan,nan,nan,nan,nan,nan,nan,nan,14080,-0.0005909236295061238,0.03826132565736771,1.4288538575172425,0.013298318814486265,0.0463131058961153,0.0463131058961153,0.08277248218655586,0.0008090640536465799,0.0003156249935273081,0.5617730617523193,1.0,0.00366826923076923,0.00021456730769230765,0,0.75,0.75,0.0
440,1411200,-767.8609418869019,-7.678609004020691,-767.8609418869019,-7.678609004020691,0.0,767.8609418869019,7.678609004020691,41.38381576538086,0.4138388490676874,3.883547160625458,0.0,0.0,-863.0757676362991,-8.630757676362991,-863.0757676362991,-8.630757676362991,100.0,4.707140532918275,0.0,0.0,863.0757676362991,-58.41328680515289,14112,-0.00033670640728740154,0.03903969340026379,1.4305420517921448,0.01395615991204977,0.05466451868414879,0.05466451868414879,0.09598427936434746,0.0007180391618021531,0.004556250013047247,0.5177170038223267,1.0,0.0036538461538461525,0.00021346153846153845,0,0.75,0.75,0.0
441,1414400,-801.0902032852173,-8.010901832580567,-801.0902032852173,-8.010901832580567,0.0,801.0902032852173,8.010901832580567,8.15455436706543,0.08154602050781179,3.892864515781403,0.0,0.0,nan,nan,nan,nan,nan,nan,nan,nan,nan,nan,14144,-0.0005719256589364008,0.025428363867104054,1.417717182636261,0.006982583412900567,0.04692232124507427,0.04692232124507427,0.07607677951455116,0.0005397476978941995,0.002546874979452696,0.49441105127334595,1.0,0.0036394230769230757,0.0002123557692307692,0,0.75,0.75,0.0
442,1417600,-899.985577583313,-8.999855890274048,-899.985577583313,-8.999855890274048,0.0,899.985577583313,8.999855890274048,-90.74081993103027,-0.9074080371856699,4.7997437715530396,0.0,0.0,nan,nan,nan,nan,nan,nan,nan,nan,nan,nan,14176,-0.0005156719617458339,0.039288372918963435,1.4132657289505004,0.014005426224321127,0.037062006443738936,0.037062006443738936,0.09775225967168807,0.0005557187618251191,0.0024718750675674526,0.4827735424041748,1.0,0.003624999999999999,0.00021124999999999996,0,0.75,0.75,0.0
443,1420800,-797.1903390884399,-7.971903319358826,-797.1903390884399,-7.971903319358826,0.0,797.1903390884399,7.971903319358826,12.054418563842773,0.12054453372955276,3.8543902611732483,0.0,0.0,nan,nan,nan,nan,nan,nan,nan,nan,nan,nan,14208,-0.0006100515391153749,0.03930262662470341,1.426290225982666,0.013891531247645616,0.06315137669444085,0.06315137669444085,0.10025925189256668,0.0006046127404260915,0.002190624980721623,0.43001240491867065,1.0,0.003610576923076922,0.00021014423076923076,0,0.75,0.75,0.0
444,1424000,-744.0652360916138,-7.440652365684509,-744.0652360916138,-7.440652365684509,0.0,744.0652360916138,7.440652365684509,65.17952156066895,0.6517954874038692,3.3937042713165284,0.0,0.0,nan,nan,nan,nan,nan,nan,nan,nan,nan,nan,14240,-0.00020171408187668048,0.030034542456269263,1.432836389541626,0.009662856766954064,0.04112971276044845,0.04112971276044845,0.08430768474936486,0.0003045159264729591,0.0009843749838182702,0.5467391014099121,1.0,0.0035961538461538453,0.00020903846153846157,0,0.75,0.75,0.0
445,1427200,-877.2254867553711,-8.772254686355591,-877.2254867553711,-8.772254686355591,0.0,877.2254867553711,8.772254686355591,-67.98072910308838,-0.6798068332672127,4.396474604606628,0.0,0.0,nan,nan,nan,nan,nan,nan,nan,nan,nan,nan,14272,-0.00046584973098067194,0.02898092698305845,1.4728936672210693,0.008749104896560311,0.03680248856544495,0.03680248856544495,0.0781245045363903,0.00043985073707517584,0.0005156249957508407,0.6902757287025452,1.0,0.0035817307692307685,0.00020793269230769227,0,0.75,0.75,0.0
446,1430400,-854.9457359313965,-8.549457578659057,-854.9457359313965,-8.549457578659057,0.0,854.9457359313965,8.549457578659057,-45.70097827911377,-0.4570097255706784,4.566573996543884,0.0,0.0,nan,nan,nan,nan,nan,nan,nan,nan,nan,nan,14304,-0.00021808035533101843,0.04561975449323654,1.4552558064460754,0.01740045202895999,0.038538611680269244,0.038538611680269244,0.09459107890725135,0.00025372228174092015,0.0002125000028172508,0.4221653938293457,1.0,0.0035673076923076917,0.00020682692307692307,0,0.75,0.75,0.0
447,1433600,-843.8883414268494,-8.43888310432434,-843.8883414268494,-8.43888310432434,0.0,843.8883414268494,8.43888310432434,-34.64358377456665,-0.3464352512359614,4.499302492141724,0.0,0.0,nan,nan,nan,nan,nan,nan,nan,nan,nan,nan,14336,-0.00031656889823898914,0.05601654723286629,1.474276316165924,0.022453770972788334,0.03332935329526663,0.03332935329526663,0.0944028690457344,0.00022235891001400886,0.0004968750043190084,0.44835740327835083,1.0,0.003552884615384615,0.00020572115384615388,0,0.75,0.75,0.0
448,1436800,-837.5567741394043,-8.375567665100098,-837.5567741394043,-8.375567665100098,0.0,837.5567741394043,8.375567665100098,-28.312016487121582,-0.2831198120117193,4.408704733848571,0.0,0.0,nan,nan,nan,nan,nan,nan,nan,nan,nan,nan,14368,-0.0006420719100045602,0.03930557183921337,1.4620206713676454,0.013837410416454077,0.04959892556071281,0.04959892556071281,0.0967366062104702,0.0005232677950516518,0.001187499993829988,0.35230642557144165,1.0,0.003538461538461538,0.00020461538461538458,0,0.75,0.75,0.0
449,1440000,-773.9262495040894,-7.739262652397156,-773.9262495040894,-7.739262652397156,0.0,773.9262495040894,7.739262652397156,35.31850814819336,0.3531852006912226,3.704143009185791,0.0,0.0,nan,nan,nan,nan,nan,nan,nan,nan,nan,nan,14400,-0.0004990601543569895,0.02288765348494053,1.4347096920013427,0.005888794455677271,0.048047103360295294,0.048047103360295294,0.073582274466753,0.0006101270540966652,0.0009156249929219484,0.5779024958610535,1.0,0.0035240384615384613,0.00020350961538461538,0,0.75,0.75,0.0
450,1443200,-821.7498540878296,-8.217498416900634,-821.7498540878296,-8.217498416900634,0.0,821.7498540878296,8.217498416900634,-12.505096435546875,-0.12505056381225543,3.8217656588554383,0.0,0.0,nan,nan,nan,nan,nan,nan,nan,nan,nan,nan,14432,-0.0006381094679236199,0.03779884986579418,1.4534945249557496,0.013160108961164952,0.044640027359128,0.044640027359128,0.08914878442883492,0.0005881746910745278,0.0017468750298576196,0.3193712830543518,1.0,0.0035096153846153845,0.0002024038461538462,0,0.75,0.75,0.0
451,1446400,-755.723783493042,-7.5572379159927365,-755.723783493042,-7.5572379159927365,0.0,755.723783493042,7.5572379159927365,53.52097415924072,0.535209937095642,3.7859106183052065,0.0,0.0,nan,nan,nan,nan,nan,nan,nan,nan,nan,nan,14464,-0.0006323897817811286,0.03902859911322594,1.4365826845169067,0.01386077692732215,0.042253895103931426,0.042253895103931426,0.08826877847313881,0.0005828982804814587,0.0016625000163912774,0.4021967649459839,1.0,0.0034951923076923077,0.000201298076923077,0,0.75,0.75,0.0
452,1449600,-709.996789932251,-7.099968013763427,-709.996789932251,-7.099968013763427,0.0,709.996789932251,7.099968013763427,99.24796772003174,0.9924798393249512,3.8740070390701296,0.0,0.0,nan,nan,nan,nan,nan,nan,nan,nan,nan,nan,14496,-0.0006867758930482637,0.03160129338502884,1.43960120677948,0.010102951154112815,0.05481763146817684,0.05481763146817684,0.08831722363829612,0.0008070377971307607,0.0058937499998137355,0.616963267326355,1.0,0.00348076923076923,0.0002001923076923077,0,0.75,0.75,0.0
453,1452800,-785.0838003158569,-7.850838217735291,-785.0838003158569,-7.850838217735291,0.0,785.0838003158569,7.850838217735291,24.16095733642578,0.24160963535308788,3.4964254832267763,0.0,0.0,nan,nan,nan,nan,nan,nan,nan,nan,nan,nan,14528,-0.0005138119976443756,0.02682753298431635,1.4495545268058776,0.007875296846032142,0.06369441971182824,0.06369441971182824,0.08073305115103721,0.0005387298497225856,0.0029000000096857546,0.5080589056015015,1.0,0.003466346153846153,0.0001990865384615385,0,0.75,0.75,0.0
454,1456000,-810.7019624710083,-8.107019996643066,-810.7019624710083,-8.107019996643066,0.0,810.7019624710083,8.107019996643066,-1.457204818725586,-0.0145721435546875,4.402119178771972,0.0,0.0,nan,nan,nan,nan,nan,nan,nan,nan,nan,nan,14560,-0.000447908691316834,0.04496016912162304,1.4302717328071595,0.017094987258315087,0.04199194125831127,0.04199194125831127,0.10011712908744812,0.0008350503820111043,0.006659375037997961,0.35893476009368896,1.0,0.0034519230769230764,0.0001979807692307693,0,0.75,0.75,0.0
455,1459200,-825.4617385864258,-8.254617252349853,-825.4617385864258,-8.254617252349853,0.0,825.4617385864258,8.254617252349853,-16.216980934143066,-0.1621693992614741,4.136321575641632,0.0,0.0,nan,nan,nan,nan,nan,nan,nan,nan,nan,nan,14592,-0.00040042938931729167,0.03631840012967587,1.4355291247367858,0.012824139278382062,0.054577913135290146,0.054577913135290146,0.09086992293596267,0.0006548239509356791,0.0023468749830499293,0.4419105052947998,1.0,0.0034374999999999996,0.000196875,0,0.75,0.75,0.0
456,1462400,-790.564751625061,-7.905647482872009,-790.564751625061,-7.905647482872009,0.0,790.564751625061,7.905647482872009,18.68000602722168,0.18680037021636942,3.7653720450401305,0.0,0.0,nan,nan,nan,nan,nan,nan,nan,nan,nan,nan,14624,-0.00040746915282507956,0.02909376975148916,1.444202220439911,0.009195800684392453,0.032196711748838425,0.032196711748838425,0.08116844892501832,0.0005481139711264405,4.062500156578608e-05,0.37253063917160034,1.0,0.0034230769230769228,0.0001957692307692308,0,0.75,0.75,0.0
457,1465600,-782.8332204818726,-7.828332200050354,-782.8332204818726,-7.828332200050354,0.0,782.8332204818726,7.828332200050354,26.411537170410156,0.26411565303802487,4.089075465202331,0.0,0.0,nan,nan,nan,nan,nan,nan,nan,nan,nan,nan,14656,-0.0006780447445140503,0.03952666819095611,1.454927921295166,0.014125943556427956,0.04627352319657803,0.04627352319657803,0.09368240535259247,0.0005187958127862658,0.0006343749857478543,0.44435858726501465,1.0,0.003408653846153846,0.0001946634615384616,0,0.75,0.75,0.0
458,1468800,-878.7293376922607,-8.787293338775635,-878.7293376922607,-8.787293338775635,0.0,878.7293376922607,8.787293338775635,-69.48458003997803,-0.6948454856872566,4.890277132987976,0.0,0.0,nan,nan,nan,nan,nan,nan,nan,nan,nan,nan,14688,-0.00023380274711088945,0.05034739151597023,1.4598591208457947,0.019984794221818446,0.047247161343693736,0.047247161343693736,0.0956329882144928,0.0004690509184001712,0.001112499987357296,0.5186192393302917,1.0,0.003394230769230769,0.0001935576923076923,0,0.75,0.75,0.0
459,1472000,-836.5378932952881,-8.365378732681274,-836.5378932952881,-8.365378732681274,0.0,836.5378932952881,8.365378732681274,-27.29313564300537,-0.2729308795928951,4.220380325317382,0.0,0.0,nan,nan,nan,nan,nan,nan,nan,nan,nan,nan,14720,-0.00034643278478760917,0.034677975066006186,1.4619967103004456,0.012051287107169628,0.04581952355802059,0.04581952355802059,0.08446701169013977,0.0004533944813374546,0.001887500035809353,0.45849311351776123,1.0,0.0033798076923076915,0.000192451923076923,0,0.75,0.75,0.0
460,1475200,-865.4681482315063,-8.654681491851807,-865.4681482315063,-8.654681491851807,0.0,865.4681482315063,8.654681491851807,-56.22339057922363,-0.5622336387634288,4.024514033794403,0.0,0.0,-735.2206802368164,-7.352206802368164,-735.2206802368164,-7.352206802368164,100.0,3.389765731282532,0.0,0.0,735.2206802368164,69.44180059432983,14752,-0.0004424011083960178,0.039585943520069125,1.4591254115104675,0.01444005249068141,0.039536434784531595,0.039536434784531595,0.09605755433440208,0.0004220117007207591,0.00101249997933337,0.3162950873374939,1.0,0.0033653846153846147,0.00019134615384615381,0,0.75,0.75,0.0
461,1478400,-723.0849876403809,-7.2308502101898195,-723.0849876403809,-7.2308502101898195,0.0,723.0849876403809,7.2308502101898195,86.15977001190186,0.861597642898559,3.6186982941627504,0.0,0.0,nan,nan,nan,nan,nan,nan,nan,nan,nan,nan,14784,-0.0005060554015857477,0.04002894908189773,1.454349422454834,0.014634950365871192,0.048219581693410875,0.048219581693410875,0.0929714411497116,0.0008406579785514623,0.0037906249461229892,0.42979657649993896,1.0,0.003350961538461538,0.00019024038461538462,0,0.75,0.75,0.0
462,1481600,-829.7458219528198,-8.297457971572875,-829.7458219528198,-8.297457971572875,0.0,829.7458219528198,8.297457971572875,-20.50106430053711,-0.20501011848449657,4.284264931678772,0.0,0.0,nan,nan,nan,nan,nan,nan,nan,nan,nan,nan,14816,-0.0005134646681806742,0.03817889839410782,1.438236618041992,0.013777253031730653,0.04053664058446884,0.04053664058446884,0.09684873148798942,0.0002974566406919621,0.0009625000006053597,0.4492444396018982,1.0,0.0033365384615384602,0.00018913461538461543,0,0.75,0.75,0.0
463,1484800,-779.6377191543579,-7.796377263069153,-779.6377191543579,-7.796377263069153,0.0,779.6377191543579,7.796377263069153,29.607038497924805,0.29607059001922575,3.522199642658234,0.0,0.0,nan,nan,nan,nan,nan,nan,nan,nan,nan,nan,14848,-0.0007657451197679687,0.030390939861536025,1.4381585478782655,0.009651996195316315,0.04381775110960007,0.04381775110960007,0.08713950738310813,0.0013281084906338948,0.011000000088097294,0.5339779853820801,1.0,0.0033221153846153834,0.00018802884615384612,0,0.75,0.75,0.0
464,1488000,-770.560959815979,-7.705609378814697,-770.560959815979,-7.705609378814697,0.0,770.560959815979,7.705609378814697,38.68379783630371,0.3868384742736817,4.1388019800186155,0.0,0.0,nan,nan,nan,nan,nan,nan,nan,nan,nan,nan,14880,-0.0012003350165788796,0.03321719616651535,1.4517452597618103,0.010606336407363415,0.07426829412579536,0.07426829412579536,0.09478559195995331,0.001138168776378734,0.004734374891268089,0.4432521462440491,1.0,0.0033076923076923066,0.00018692307692307693,0,0.75,0.75,0.0
465,1491200,-819.616265296936,-8.196162633895874,-819.616265296936,-8.196162633895874,0.0,819.616265296936,8.196162633895874,-10.37150764465332,-0.10371478080749519,4.575288290977478,0.0,0.0,nan,nan,nan,nan,nan,nan,nan,nan,nan,nan,14912,-0.00047613910864745533,0.043113188818097115,1.4695552468299866,0.016240814328193666,0.043565863743424416,0.043565863743424416,0.11256331726908683,0.001150493909517536,0.005068749945348827,0.5181014537811279,1.0,0.00329326923076923,0.00018581730769230774,0,0.75,0.75,0.0
466,1494400,-846.7725086212158,-8.467724676132201,-846.7725086212158,-8.467724676132201,0.0,846.7725086212158,8.467724676132201,-37.527750968933105,-0.3752768230438228,4.216505708694458,0.0,0.0,nan,nan,nan,nan,nan,nan,nan,nan,nan,nan,14944,-0.0005169163096899965,0.05227984264492989,1.479744815826416,0.020771148987114428,0.03901137746870518,0.03901137746870518,0.1124329149723053,0.0003779039090659353,0.0015625000261934475,0.2287251353263855,1.0,0.003278846153846153,0.00018471153846153843,0,0.75,0.75,0.0
467,1497600,-860.0680484771729,-8.600680780410766,-860.0680484771729,-8.600680780410766,0.0,860.0680484771729,8.600680780410766,-50.82329082489014,-0.5082329273223873,4.484817266464233,0.0,0.0,nan,nan,nan,nan,nan,nan,nan,nan,nan,nan,14976,-0.0003588189329152058,0.04103236421942711,1.4550578236579894,0.015407439135015012,0.04087336175143719,0.04087336175143719,0.09731324464082718,0.0003822514699095336,0.0003312500015454134,0.5528188943862915,1.0,0.0032644230769230762,0.00018360576923076924,0,0.75,0.75,0.0
468,1500800,-824.830132484436,-8.248301067352294,-824.830132484436,-8.248301067352294,0.0,824.830132484436,8.248301067352294,-15.58537483215332,-0.15585321426391552,4.635367255210877,0.0,0.0,nan,nan,nan,nan,nan,nan,nan,nan,nan,nan,15008,-0.0006140978873823589,0.041539807245135306,1.4278366923332215,0.015515336394309997,0.04994344227015972,0.04994344227015972,0.10000931993126869,0.0006407623479390168,0.001353125023888424,0.4098854064941406,1.0,0.0032499999999999994,0.00018250000000000004,0,0.75,0.75,0.0
469,1504000,-753.0445795059204,-7.530445575714111,-753.0445795059204,-7.530445575714111,0.0,753.0445795059204,7.530445575714111,56.200178146362305,0.5620022773742672,3.3818554782867434,0.0,0.0,nan,nan,nan,nan,nan,nan,nan,nan,nan,nan,15040,-0.00034372533184825473,0.03188499342650175,1.4265457153320313,0.010983073152601719,0.03920903019607067,0.03920903019607067,0.07856933996081353,0.0004000339768026606,0.0010750000292318873,0.6107122898101807,1.0,0.0032355769230769226,0.00018139423076923074,0,0.75,0.75,0.0
470,1507200,-808.3756351470947,-8.083756308555603,-808.3756351470947,-8.083756308555603,0.0,808.3756351470947,8.083756308555603,0.8691225051879883,0.008691544532775097,3.7046960282325743,0.0,0.0,nan,nan,nan,nan,nan,nan,nan,nan,nan,nan,15072,-0.0003556008564539859,0.033532528951764104,1.4317700505256652,0.01179871205240488,0.05487866662442684,0.05487866662442684,0.08933754116296769,0.0003124029008176876,0.0008625000071333488,0.27979838848114014,1.0,0.003221153846153846,0.00018028846153846155,0,0.75,0.75,0.0
471,1510400,-682.3048324584961,-6.823048348426819,-682.3048324584961,-6.823048348426819,0.0,682.3048324584961,6.823048348426819,126.93992519378662,1.2693995046615596,3.1861477875709534,0.0,0.0,nan,nan,nan,nan,nan,nan,nan,nan,nan,nan,15104,-0.0006108040867257358,0.030648056790232657,1.4125635266304015,0.010183513211086393,0.05179332494735718,0.05179332494735718,0.09880870208144188,0.0008427221413512598,0.0015031249931780621,0.6747374534606934,1.0,0.003206730769230769,0.00017918269230769235,0,0.75,0.75,0.0
472,1513600,-848.0824356079102,-8.480824270248412,-848.0824356079102,-8.480824270248412,0.0,848.0824356079102,8.480824270248412,-38.83767795562744,-0.3883764171600337,4.047658724784851,0.0,0.0,nan,nan,nan,nan,nan,nan,nan,nan,nan,nan,15136,-0.0009599661660380842,0.03593464568257332,1.4089228868484498,0.012509641423821449,0.06855500414967537,0.06855500414967537,0.08207479491829872,0.0017374312155880034,0.011749999783933162,0.5876703262329102,1.0,0.003192307692307692,0.00017807692307692316,0,0.75,0.75,0.0
473,1516800,-781.1576995849609,-7.811576857566833,-781.1576995849609,-7.811576857566833,0.0,781.1576995849609,7.811576857566833,28.087058067321777,0.2808709955215454,4.408215641975403,0.0,0.0,nan,nan,nan,nan,nan,nan,nan,nan,nan,nan,15168,-0.0005385101669759251,0.044296682253479956,1.369222354888916,0.017258600424975158,0.05081974975764751,0.05081974975764751,0.09472855105996132,0.0007242993015097454,0.005728125013411045,0.40421587228775024,1.0,0.0031778846153846154,0.00017697115384615386,0,0.75,0.75,0.0
474,1520000,-827.9993333816528,-8.27999342918396,-827.9993333816528,-8.27999342918396,0.0,827.9993333816528,8.27999342918396,-18.754575729370117,-0.18754557609558198,3.901262662410736,0.0,0.0,nan,nan,nan,nan,nan,nan,nan,nan,nan,nan,15200,-0.0005479524553869908,0.03760511316359043,1.4066128730773926,0.01380483852699399,0.04129731059074402,0.04129731059074402,0.08756513819098473,0.0006426038689824054,0.001231250027194619,0.5367069244384766,1.0,0.0031634615384615386,0.00017586538461538466,0,0.75,0.75,0.0
475,1523200,-786.1795616149902,-7.8617954921722415,-786.1795616149902,-7.8617954921722415,0.0,786.1795616149902,7.8617954921722415,23.06519603729248,0.23065236091613706,4.102801387310028,0.0,0.0,nan,nan,nan,nan,nan,nan,nan,nan,nan,nan,15232,-0.0006468170733045508,0.03375614769756794,1.4164101362228394,0.011770926974713802,0.05356675870716572,0.05356675870716572,0.0828581616282463,0.001108180606024689,0.005249999940861017,0.47504258155822754,1.0,0.003149038461538461,0.00017475961538461547,0,0.75,0.75,0.0
476,1526400,-847.7102928161621,-8.47710262298584,-847.7102928161621,-8.47710262298584,0.0,847.7102928161621,8.47710262298584,-38.465535163879395,-0.3846547698974607,4.961366090774536,0.0,0.0,nan,nan,nan,nan,nan,nan,nan,nan,nan,nan,15264,-0.00022199044714508176,0.05408723354339599,1.4146061420440674,0.022387379594147206,0.04995403960347176,0.04995403960347176,0.11045715138316155,0.0003446260943746893,0.0009718750050524249,0.4426653981208801,1.0,0.003134615384615384,0.00017365384615384617,0,0.75,0.75,0.0
477,1529600,-797.7308683395386,-7.977308382987976,-797.7308683395386,-7.977308382987976,0.0,797.7308683395386,7.977308382987976,11.51388931274414,0.11513947010040226,3.786441967487335,0.0,0.0,nan,nan,nan,nan,nan,nan,nan,nan,nan,nan,15296,-0.0005195209733646955,0.050842690840363504,1.3995161056518555,0.020535064674913884,0.061700989678502086,0.061700989678502086,0.12038059830665589,0.0005177999071747763,0.0028156249536550604,0.2385982871055603,1.0,0.0031201923076923073,0.00017254807692307697,0,0.75,0.75,0.0
478,1532800,-875.4566116333008,-8.754566135406494,-875.4566116333008,-8.754566135406494,0.0,875.4566116333008,8.754566135406494,-66.21185398101807,-0.6621182823181151,5.020110306739807,0.0,0.0,nan,nan,nan,nan,nan,nan,nan,nan,nan,nan,15328,-0.00026888661642443523,0.05195764489471912,1.4300407290458679,0.02126855980604887,0.035872843489050864,0.035872843489050864,0.09531544074416161,0.00041788647104112897,0.0020812499624298653,0.4213758111000061,1.0,0.0031057692307692297,0.00017144230769230767,0,0.75,0.75,0.0
479,1536000,-803.4204931259155,-8.034204602241516,-803.4204931259155,-8.034204602241516,0.0,803.4204931259155,8.034204602241516,5.8242645263671875,0.05824325084686244,4.382903785705566,0.0,0.0,nan,nan,nan,nan,nan,nan,nan,nan,nan,nan,15360,-0.00012242572352683112,0.03191701211035251,1.4218082666397094,0.011440778616815805,0.026303028129041194,0.026303028129041194,0.07931081876158715,0.00012055247425450944,0.00010937500046566128,0.5533576011657715,1.0,0.003091346153846153,0.00017033653846153848,0,0.75,0.75,0.0
480,1539200,-765.4524841308594,-7.654524674415589,-765.4524841308594,-7.654524674415589,0.0,765.4524841308594,7.654524674415589,43.79227352142334,0.43792317867278996,3.9725704979896546,0.0,0.0,-742.1354970932007,-7.421354970932007,-742.1354970932007,-7.421354970932007,100.0,3.389765731282532,0.0,0.0,742.1354970932007,62.52698373794556,15392,-0.00037417974505222774,0.035075036250054835,1.4123505711555482,0.012817644327878953,0.047682953998446465,0.047682953998446465,0.09949316084384918,0.0004110730702450383,0.00375000003259629,0.2725543975830078,1.0,0.003076923076923076,0.00016923076923076917,0,0.75,0.75,0.0
481,1542400,-829.1442155838013,-8.291442098617553,-829.1442155838013,-8.291442098617553,0.0,829.1442155838013,8.291442098617553,-19.899457931518555,-0.19899424552917466,3.7454810547828674,0.0,0.0,nan,nan,nan,nan,nan,nan,nan,nan,nan,nan,15424,-0.000371750347676425,0.0352374505251646,1.4139995574951172,0.01291660163551569,0.050775787234306334,0.050775787234306334,0.0792163223028183,0.0003184122195307282,0.0019843750225845723,0.5685602426528931,1.0,0.0030624999999999993,0.00016812499999999998,0,0.75,0.75,0.0
482,1545600,-912.2369966506958,-9.122369918823242,-912.2369966506958,-9.122369918823242,0.0,912.2369966506958,9.122369918823242,-102.99223899841309,-1.0299220657348638,5.224151344299316,0.0,0.0,nan,nan,nan,nan,nan,nan,nan,nan,nan,nan,15456,-0.0005670170840343048,0.07562242895364761,1.4291024804115295,0.0328881835564971,0.04170169644057751,0.04170169644057751,0.1477995678782463,0.0007286566409675288,0.002187500002037268,0.48861801624298096,1.0,0.0030480769230769224,0.00016701923076923079,0,0.75,0.75,0.0
483,1548800,-854.2036304473877,-8.542036218643188,-854.2036304473877,-8.542036218643188,0.0,854.2036304473877,8.542036218643188,-44.95887279510498,-0.44958836555480985,4.269861164093018,0.0,0.0,nan,nan,nan,nan,nan,nan,nan,nan,nan,nan,15488,-0.0007393836742384252,0.034497433342039585,1.4340635418891907,0.012158880755305291,0.05364235639572144,0.05364235639572144,0.09419550076127052,0.0008014595239728805,0.0018437500395521056,0.49299782514572144,1.0,0.0030336538461538456,0.0001659134615384616,0,0.75,0.75,0.0
484,1552000,-821.1249513626099,-8.211249322891236,-821.1249513626099,-8.211249322891236,0.0,821.1249513626099,8.211249322891236,-11.880193710327148,-0.11880146980285744,4.597849569320679,0.0,0.0,nan,nan,nan,nan,nan,nan,nan,nan,nan,nan,15520,-0.000512609097990202,0.04865110963582993,1.4159868359565735,0.01953775491565466,0.04996729530394077,0.04996729530394077,0.10867915153503419,0.000725321025311132,0.0019093750070169335,0.3828088045120239,1.0,0.003019230769230769,0.0001648076923076923,0,0.75,0.75,0.0
485,1555200,-812.6384296417236,-8.126384296417235,-812.6384296417236,-8.126384296417235,0.0,812.6384296417236,8.126384296417235,-3.393671989440918,-0.033936443328856924,4.106307706832886,0.0,0.0,nan,nan,nan,nan,nan,nan,nan,nan,nan,nan,15552,-0.00029146645332804865,0.03186972942203283,1.4390685081481933,0.011319274082779884,0.035963970609009265,0.035963970609009265,0.07514186874032021,0.000541989173325419,0.0019343749907420715,0.5918029546737671,1.0,0.003004807692307691,0.0001637019230769231,0,0.75,0.75,0.0
486,1558400,-807.8123474121094,-8.078123841285706,-807.8123474121094,-8.078123841285706,0.0,807.8123474121094,8.078123841285706,1.4324102401733398,0.014324011802672842,4.398943519592285,0.0,0.0,nan,nan,nan,nan,nan,nan,nan,nan,nan,nan,15584,-0.0008430267441902117,0.027564923465251922,1.422168743610382,0.008686603512614965,0.060596597567200663,0.060596597567200663,0.07883873134851456,0.0007143419701606035,0.002806249971035868,0.49169087409973145,1.0,0.0029903846153846144,0.0001625961538461539,0,0.75,0.75,0.0
487,1561600,-809.8027639389038,-8.098027362823487,-809.8027639389038,-8.098027362823487,0.0,809.8027639389038,8.098027362823487,-0.5580062866210938,-0.005579509735108346,3.706281862258911,0.0,0.0,nan,nan,nan,nan,nan,nan,nan,nan,nan,nan,15616,-0.00016590778777754168,0.030259732343256473,1.420766568183899,0.010735811851918697,0.05382416397333145,0.05382416397333145,0.09822557643055915,0.0004939927834129776,0.003084375080652535,0.5084868669509888,1.0,0.0029759615384615376,0.0001614903846153846,0,0.75,0.75,0.0
488,1564800,-805.7947492599487,-8.057947411537171,-805.7947492599487,-8.057947411537171,0.0,805.7947492599487,8.057947411537171,3.4500083923339844,0.03450044155120757,3.967248420715332,0.0,0.0,nan,nan,nan,nan,nan,nan,nan,nan,nan,nan,15648,-0.0007709703880594998,0.040008269250392914,1.4005988955497741,0.015085237007588148,0.06184001192450524,0.06184001192450524,0.10522481799125671,0.000753674150473671,0.0035468749876599757,0.36866551637649536,1.0,0.0029615384615384608,0.0001603846153846154,0,0.75,0.75,0.0
489,1568000,-936.8896865844727,-9.368896913528442,-936.8896865844727,-9.368896913528442,0.0,936.8896865844727,9.368896913528442,-127.64492893218994,-1.2764490604400631,5.421098737716675,0.0,0.0,nan,nan,nan,nan,nan,nan,nan,nan,nan,nan,15680,-0.0004627074019648347,0.07761937603354455,1.4473177790641785,0.034081568196415904,0.04364160299301147,0.04364160299301147,0.1428426906466484,0.000637998103411519,0.0006468749939813279,0.3924180865287781,1.0,0.002947115384615384,0.0001592788461538462,0,0.75,0.75,0.0
490,1571200,-919.9934015274048,-9.199933729171754,-919.9934015274048,-9.199933729171754,0.0,919.9934015274048,9.199933729171754,-110.74864387512207,-1.1074858760833752,4.650954442024231,0.0,0.0,nan,nan,nan,nan,nan,nan,nan,nan,nan,nan,15712,-0.0005563955821897615,0.049045652896165845,1.4657342672348022,0.019667883217334748,0.047047825530171394,0.047047825530171394,0.10634413585066796,0.000545751452591503,0.0022156249702675267,0.45952296257019043,1.0,0.002932692307692307,0.0001581730769230769,0,0.75,0.75,0.0
491,1574400,-742.2738285064697,-7.422738103866577,-742.2738285064697,-7.422738103866577,0.0,742.2738285064697,7.422738103866577,66.97092914581299,0.6697097492218012,3.6855463457107542,0.0,0.0,nan,nan,nan,nan,nan,nan,nan,nan,nan,nan,15744,-0.000525281336287975,0.023530780524015426,1.4484172105789184,0.007013237616047263,0.04527944512665272,0.04527944512665272,0.06929262354969978,0.000533592008650885,0.0013749999794526956,0.6265411376953125,1.0,0.0029182692307692304,0.00015706730769230771,0,0.75,0.75,0.0
492,1577600,-833.0728778839111,-8.33072856903076,-833.0728778839111,-8.33072856903076,0.0,833.0728778839111,8.33072856903076,-23.828120231628418,-0.23828071594238232,3.941086320877075,0.0,0.0,nan,nan,nan,nan,nan,nan,nan,nan,nan,nan,15776,-0.00022551751331518767,0.06676393747329712,1.4392382860183717,0.028977124951779842,0.028873602859675884,0.028873602859675884,0.13156255185604096,0.0003249068229706609,6.56250020256266e-05,0.23368346691131592,1.0,0.0029038461538461536,0.00015596153846153852,0,0.75,0.75,0.0
493,1580800,-797.1566095352173,-7.971565742492675,-797.1566095352173,-7.971565742492675,0.0,797.1566095352173,7.971565742492675,12.08814811706543,0.1208821105957032,3.7609983468055725,0.0,0.0,nan,nan,nan,nan,nan,nan,nan,nan,nan,nan,15808,-0.0004080041031687881,0.02914546001702547,1.4573635458946228,0.009953785734251142,0.039317529648542404,0.039317529648542404,0.08724219352006912,0.00017393533184986154,0.00017812500009313227,0.374345600605011,1.0,0.0028894230769230768,0.00015485576923076922,0,0.75,0.75,0.0
494,1584000,-751.4349365234375,-7.514349670410156,-751.4349365234375,-7.514349670410156,0.0,751.4349365234375,7.514349670410156,57.809821128845215,0.5780981826782225,3.209017536640167,0.0,0.0,nan,nan,nan,nan,nan,nan,nan,nan,nan,nan,15840,-0.0003193047068165811,0.03165300507098436,1.4627914905548096,0.011301672365516425,0.0358491312712431,0.0358491312712431,0.08979745209217072,0.00026517559754211104,0.0002124999984516762,0.5693756937980652,1.0,0.002875,0.00015375000000000002,0,0.75,0.75,0.0
495,1587200,-812.962366104126,-8.12962354183197,-812.962366104126,-8.12962354183197,0.0,812.962366104126,8.12962354183197,-3.7176084518432617,-0.03717568874359145,3.9463187432289124,0.0,0.0,nan,nan,nan,nan,nan,nan,nan,nan,nan,nan,15872,-0.00047862589071736574,0.03509772084653377,1.4474583745002747,0.012929668091237545,0.035156309604644775,0.035156309604644775,0.09003227725625038,0.0005747644570874399,0.00263749997211562,0.4068613648414612,1.0,0.002860576923076923,0.00015264423076923083,0,0.75,0.75,0.0
496,1590400,-817.2927322387695,-8.17292739868164,-817.2927322387695,-8.17292739868164,0.0,817.2927322387695,8.17292739868164,-8.047974586486816,-0.08047954559326165,4.399206066131592,0.0,0.0,nan,nan,nan,nan,nan,nan,nan,nan,nan,nan,15904,-0.000491543295338115,0.04141406528651714,1.4436805844306946,0.016106552071869375,0.04935646504163742,0.04935646504163742,0.0945472851395607,0.00028090366613469086,0.0013624999817693606,0.5443844199180603,1.0,0.0028461538461538463,0.00015153846153846164,0,0.75,0.75,0.0
497,1593600,-719.5127840042114,-7.195128302574158,-719.5127840042114,-7.195128302574158,0.0,719.5127840042114,7.195128302574158,89.73197364807129,0.8973195505142204,3.2855206179618834,0.0,0.0,nan,nan,nan,nan,nan,nan,nan,nan,nan,nan,15936,-0.0005464391195713958,0.033027669228613374,1.4489254832267762,0.011864428874105215,0.05478096269071102,0.05478096269071102,0.10689792111515999,0.0002657331174305,0.0006937499943887815,0.5640233755111694,1.0,0.0028317307692307687,0.00015043269230769233,0,0.75,0.75,0.0
498,1596800,-819.3425064086914,-8.193425254821777,-819.3425064086914,-8.193425254821777,0.0,819.3425064086914,8.193425254821777,-10.097748756408691,-0.10097740173339886,4.118880984783172,0.0,0.0,nan,nan,nan,nan,nan,nan,nan,nan,nan,nan,15968,-0.0006689258737809678,0.04309840425848961,1.4410038590431213,0.016820525098592044,0.0530200332403183,0.0530200332403183,0.08931739181280136,0.0005199402863581781,0.0011281250284810086,0.5629177689552307,1.0,0.002817307692307691,0.00014932692307692303,0,0.75,0.75,0.0
499,1600000,-737.6179342269897,-7.376179208755493,-737.6179342269897,-7.376179208755493,0.0,737.6179342269897,7.376179208755493,71.62682342529297,0.7162686443328852,3.815109097957611,0.0,0.0,nan,nan,nan,nan,nan,nan,nan,nan,nan,nan,16000,-0.0005560124886921259,0.03464287519454956,1.4360107898712158,0.012740452867001295,0.04014713242650032,0.04014713242650032,0.09627754092216492,0.0005950436478087795,0.0006812500021624146,0.5814993381500244,1.0,0.002802884615384614,0.00014822115384615384,0,0.75,0.75,0.0
500,1603200,-855.5332117080688,-8.555331726074218,-855.5332117080688,-8.555331726074218,0.0,855.5332117080688,8.555331726074218,-46.28845405578613,-0.4628838729858398,4.149290318489075,0.0,0.0,-734.281831741333,-7.34281831741333,-734.281831741333,-7.34281831741333,100.0,3.389765731282532,0.0,0.0,734.281831741333,70.38064908981323,16032,-0.0010240322167752503,0.03741689994931221,1.44082772731781,0.013666725158691407,0.0517820306122303,0.0517820306122303,0.10871910452842712,0.0007015499435510719,0.00013125000077707227,0.5383849143981934,1.0,0.0027884615384615374,0.00014711538461538464,0,0.75,0.75,0.0
501,1606400,-872.4977083206177,-8.724977121353149,-872.4977083206177,-8.724977121353149,0.0,872.4977083206177,8.724977121353149,-63.25295066833496,-0.6325292682647703,4.212801604270935,0.0,0.0,nan,nan,nan,nan,nan,nan,nan,nan,nan,nan,16064,-0.00046909050586396717,0.050243424251675606,1.4368330836296082,0.020666791871190072,0.040128237754106524,0.040128237754106524,0.11766924113035201,0.0006874225276988,0.0004312500052037649,0.441661536693573,1.0,0.0027740384615384606,0.00014600961538461534,0,0.75,0.75,0.0
502,1609600,-792.2782077789307,-7.922782382965088,-792.2782077789307,-7.922782382965088,0.0,792.2782077789307,7.922782382965088,16.96654987335205,0.1696654701232907,3.9149990773200987,0.0,0.0,nan,nan,nan,nan,nan,nan,nan,nan,nan,nan,16096,-0.0002879206673934931,0.0372398529201746,1.428435504436493,0.014390073064714671,0.037735456600785255,0.037735456600785255,0.11612699031829835,0.000238964176060108,0.0005156250081199687,0.46615028381347656,1.0,0.002759615384615384,0.00014490384615384615,0,0.75,0.75,0.0
503,1612800,-816.3074550628662,-8.163074264526367,-816.3074550628662,-8.163074264526367,0.0,816.3074550628662,8.163074264526367,-7.062697410583496,-0.07062641143798842,3.9263694047927857,0.0,0.0,nan,nan,nan,nan,nan,nan,nan,nan,nan,nan,16128,-0.0002912541364465504,0.04267928227782249,1.412479317188263,0.0171708595007658,0.028037959523499013,0.028037959523499013,0.09859193637967109,0.00021275782610246096,0.00047500000728177837,0.3918156623840332,1.0,0.002745192307692307,0.00014379807692307695,0,0.75,0.75,0.0
504,1616000,-747.8867864608765,-7.478867745399475,-747.8867864608765,-7.478867745399475,0.0,747.8867864608765,7.478867745399475,61.35797119140625,0.6135801076889038,3.6559395027160644,0.0,0.0,nan,nan,nan,nan,nan,nan,nan,nan,nan,nan,16160,-0.00023893366173872722,0.030545862205326558,1.4015428066253661,0.011206707265228034,0.03366181626915932,0.03366181626915932,0.10634010955691338,0.00012394894836234016,0.0,0.5377455949783325,1.0,0.00273076923076923,0.00014269230769230765,0,0.75,0.75,0.0
505,1619200,-845.5690803527832,-8.455690746307374,-845.5690803527832,-8.455690746307374,0.0,845.5690803527832,8.455690746307374,-36.32432270050049,-0.3632428932189953,4.123253645896912,0.0,0.0,nan,nan,nan,nan,nan,nan,nan,nan,nan,nan,16192,-0.0005425835886416763,0.052227511629462244,1.4115101456642152,0.02173702176660299,0.04149558842182159,0.04149558842182159,0.09156530424952507,0.0004294025753551978,0.0006687499990221113,0.36649107933044434,1.0,0.0027163461538461534,0.00014158653846153846,0,0.75,0.75,0.0
506,1622400,-828.7913980484009,-8.287914247512818,-828.7913980484009,-8.287914247512818,0.0,828.7913980484009,8.287914247512818,-19.546640396118164,-0.19546639442443947,4.654839334487915,0.0,0.0,nan,nan,nan,nan,nan,nan,nan,nan,nan,nan,16224,-0.0004868280161899774,0.07385041490197182,1.4199036717414857,0.03260190896689892,0.035181013867259026,0.035181013867259026,0.13756212517619132,0.0007176820154199959,0.001803125027799979,0.35757648944854736,1.0,0.0027019230769230766,0.00014048076923076926,0,0.75,0.75,0.0
507,1625600,-861.0970392227173,-8.610969944000244,-861.0970392227173,-8.610969944000244,0.0,861.0970392227173,8.610969944000244,-51.85228157043457,-0.5185220909118655,3.721725890636444,0.0,0.0,nan,nan,nan,nan,nan,nan,nan,nan,nan,nan,16256,-0.00034703404745668466,0.06911470592021943,1.421527659893036,0.030389962904155254,0.03608694449067116,0.03608694449067116,0.11547997817397118,0.0004924282033243798,0.00050624999566935,0.3603408932685852,1.0,0.002687499999999999,0.00013937500000000007,0,0.75,0.75,0.0
508,1628800,-828.218487739563,-8.28218496322632,-828.218487739563,-8.28218496322632,0.0,828.218487739563,8.28218496322632,-18.973730087280273,-0.1897371101379406,4.255890426635742,0.0,0.0,nan,nan,nan,nan,nan,nan,nan,nan,nan,nan,16288,-0.0003726684799679969,0.05088924802839756,1.4037911772727967,0.021319513395428657,0.036744114756584165,0.036744114756584165,0.13484782949090005,0.00029215243348517105,0.0,0.26545804738998413,1.0,0.002673076923076922,0.00013826923076923076,0,0.75,0.75,0.0
509,1632000,-802.8036651611328,-8.028036427497863,-802.8036651611328,-8.028036427497863,0.0,802.8036651611328,8.028036427497863,6.441092491149902,0.06441142559051549,3.8935708928108217,0.0,0.0,nan,nan,nan,nan,nan,nan,nan,nan,nan,nan,16320,-0.00040176685291082315,0.03558157794177532,1.3963775157928466,0.013676537852734327,0.06035369522869587,0.06035369522869587,0.09897054955363274,0.00027067355713370487,0.0010656250113243004,0.43613922595977783,1.0,0.0026586538461538453,0.00013716346153846157,0,0.75,0.75,0.0
510,1635200,-791.3264846801758,-7.913264980316162,-791.3264846801758,-7.913264980316162,0.0,791.3264846801758,7.913264980316162,17.918272972106934,0.17918287277221623,4.091787948608398,0.0,0.0,nan,nan,nan,nan,nan,nan,nan,nan,nan,nan,16352,-0.00032862078470348167,0.019358320720493795,1.404921579360962,0.005635602632537484,0.033309824764728546,0.033309824764728546,0.07083427533507347,0.0004511140246904688,0.0,0.4941008687019348,1.0,0.0026442307692307685,0.00013605769230769238,0,0.75,0.75,0.0
511,1638400,-784.4414081573486,-7.844414019584656,-784.4414081573486,-7.844414019584656,0.0,784.4414081573486,7.844414019584656,24.803349494934082,0.24803383350372243,3.667902736663818,0.0,0.0,nan,nan,nan,nan,nan,nan,nan,nan,nan,nan,16384,-0.0002834285661578173,0.033146734535694125,1.4240215182304383,0.012545036058872939,0.0353167712688446,0.0353167712688446,0.09770320355892181,0.0004950451486365637,0.0023750000160362105,0.5287574529647827,1.0,0.0026298076923076917,0.00013495192307692307,0,0.75,0.75,0.0
512,1641600,-795.0329303741455,-7.950329203605651,-795.0329303741455,-7.950329203605651,0.0,795.0329303741455,7.950329203605651,14.211827278137207,0.14211864948272712,3.688390762805939,0.0,0.0,nan,nan,nan,nan,nan,nan,nan,nan,nan,nan,16416,-0.00030818257675870877,0.05106258578598499,1.4166257977485657,0.02151808887720108,0.03965344466269016,0.03965344466269016,0.10645804181694984,9.053361291080363e-05,3.4374999813735485e-05,0.46790802478790283,1.0,0.002615384615384615,0.00013384615384615388,0,0.75,0.75,0.0
513,1644800,-846.0929327011108,-8.460929508209228,-846.0929327011108,-8.460929508209228,0.0,846.0929327011108,8.460929508209228,-36.848175048828125,-0.3684816551208492,4.169646329879761,0.0,0.0,nan,nan,nan,nan,nan,nan,nan,nan,nan,nan,16448,-0.0004685060425981824,0.04710967130959034,1.4385005354881286,0.019344845227897166,0.041366517171263696,0.041366517171263696,0.10934418439865112,0.0005355199711630121,0.003193750015634578,0.46907734870910645,1.0,0.002600961538461538,0.00013274038461538469,0,0.75,0.75,0.0
514,1648000,-887.1850247383118,-8.871850109100341,-887.1850247383118,-8.871850109100341,0.0,887.1850247383118,8.871850109100341,-77.94026708602905,-0.7794022560119629,4.133564310073853,0.0,0.0,nan,nan,nan,nan,nan,nan,nan,nan,nan,nan,16480,-0.00038703768415722096,0.061269572004675865,1.4073522210121154,0.026607577688992023,0.03835909925401211,0.03835909925401211,0.11114670932292939,0.00019656880203910987,0.00022187500071595422,0.4855620861053467,1.0,0.0025865384615384613,0.00013163461538461538,0,0.75,0.75,0.0
515,1651200,-778.9380502700806,-7.789380598068237,-778.9380502700806,-7.789380598068237,0.0,778.9380502700806,7.789380598068237,30.30670738220215,0.3030672550201414,3.331958725452423,0.0,0.0,nan,nan,nan,nan,nan,nan,nan,nan,nan,nan,16512,-0.0003155708053039774,0.026438468508422373,1.4166217923164368,0.009259949252009392,0.036929470300674436,0.036929470300674436,0.08018112629652023,0.00015975096757756547,9.687500132713467e-05,0.3495008945465088,1.0,0.0025721153846153845,0.0001305288461538462,0,0.75,0.75,0.0
516,1654400,-853.9644222259521,-8.539644165039062,-853.9644222259521,-8.539644165039062,0.0,853.9644222259521,8.539644165039062,-44.719664573669434,-0.4471963119506839,4.284851222038269,0.0,0.0,nan,nan,nan,nan,nan,nan,nan,nan,nan,nan,16544,-0.0004090590976819186,0.046230843663215636,1.4204283356666565,0.019073344022035598,0.04189479351043701,0.04189479351043701,0.11147740632295608,0.00039239874340637473,0.0004968750152329448,0.6175456047058105,1.0,0.0025576923076923077,0.000129423076923077,0,0.75,0.75,0.0
517,1657600,-835.0683927536011,-8.350683555603027,-835.0683927536011,-8.350683555603027,0.0,835.0683927536011,8.350683555603027,-25.82363510131836,-0.2582357025146482,4.34726658821106,0.0,0.0,nan,nan,nan,nan,nan,nan,nan,nan,nan,nan,16576,-0.0004100142860435696,0.05814946368336678,1.4079363346099854,0.02508395630866289,0.06289456076920033,0.06289456076920033,0.11572640910744666,0.0004310357220674632,0.0012374999903840944,0.5329918265342712,1.0,0.00254326923076923,0.0001283173076923077,0,0.75,0.75,0.0
518,1660800,-858.9211578369141,-8.589211673736573,-858.9211578369141,-8.589211673736573,0.0,858.9211578369141,8.589211673736573,-49.67640018463135,-0.49676382064819435,4.662315015792847,0.0,0.0,nan,nan,nan,nan,nan,nan,nan,nan,nan,nan,16608,-0.0005012197103205551,0.04127146154642105,1.435465931892395,0.01650443850085139,0.049842695146799086,0.049842695146799086,0.08519543036818504,0.0005032827013565111,0.0013343750088097295,0.5436356067657471,1.0,0.0025288461538461524,0.0001272115384615385,0,0.75,0.75,0.0
519,1664000,-830.9593706130981,-8.309594192504882,-830.9593706130981,-8.309594192504882,0.0,830.9593706130981,8.309594192504882,-21.71461296081543,-0.2171463394165034,3.9456239533424378,0.0,0.0,nan,nan,nan,nan,nan,nan,nan,nan,nan,nan,16640,-0.0004059566803858661,0.03886670060455799,1.4305960536003113,0.015430270042270423,0.04421378038823605,0.04421378038823605,0.10181785374879837,0.0002704397223169508,0.0009968750120606274,0.5534948110580444,1.0,0.0025144230769230756,0.0001261057692307692,0,0.75,0.75,0.0
520,1667200,-790.2581253051758,-7.902581524848938,-790.2581253051758,-7.902581524848938,0.0,790.2581253051758,7.902581524848938,18.986632347106934,0.18986632823944039,3.262698037624359,0.0,0.0,-839.0508043766022,-8.390508043766022,-839.0508043766022,-8.390508043766022,100.0,5.486029834747314,0.0,0.0,839.0508043766022,-34.38832354545593,16672,-0.000487141262734081,0.03040871098637581,1.4199495196342469,0.011167340446263552,0.040362709388136866,0.040362709388136866,0.09298231080174446,0.0004620145555236377,0.0006375000055413693,0.6456530094146729,1.0,0.0024999999999999988,0.000125,0,0.75,0.75,0.0
521,1670400,-838.94273853302,-8.389427347183227,-838.94273853302,-8.389427347183227,0.0,838.94273853302,8.389427347183227,-29.697980880737305,-0.2969794940948489,4.019973382949829,0.0,0.0,nan,nan,nan,nan,nan,nan,nan,nan,nan,nan,16704,-0.00016692092529956292,0.03086922485381365,1.4104098439216615,0.011762009281665087,0.032971789687871934,0.032971789687871934,0.08699708729982376,0.00019840767954519832,0.00025624999834690244,0.4242175221443176,1.0,0.002485576923076922,0.0001238942307692308,0,0.75,0.75,0.0
522,1673600,-873.1812362670898,-8.7318123626709,-873.1812362670898,-8.7318123626709,0.0,873.1812362670898,8.7318123626709,-63.93647861480713,-0.6393645095825207,4.335258526802063,0.0,0.0,nan,nan,nan,nan,nan,nan,nan,nan,nan,nan,16736,-0.00044409783673184935,0.05316427275538445,1.4409716248512268,0.02257717549800873,0.04450626261532307,0.04450626261532307,0.15985664427280427,0.0002022474749082903,0.0003624999968451448,0.2759656310081482,1.0,0.002471153846153845,0.0001227884615384615,0,0.75,0.75,0.0
523,1676800,-824.7915925979614,-8.24791543006897,-824.7915925979614,-8.24791543006897,0.0,824.7915925979614,8.24791543006897,-15.546834945678711,-0.1554675769805911,4.2811554908752445,0.0,0.0,nan,nan,nan,nan,nan,nan,nan,nan,nan,nan,16768,-0.00034169068303162574,0.03715007863938809,1.4383856654167175,0.014699622243642806,0.03779078349471092,0.03779078349471092,0.09241983890533448,0.00028195682943987777,0.0009531249928841134,0.24137383699417114,1.0,0.0024567307692307683,0.00012168269230769231,0,0.75,0.75,0.0
524,1680000,-907.2578783035278,-9.072578287124633,-907.2578783035278,-9.072578287124633,0.0,907.2578783035278,9.072578287124633,-98.01312065124512,-0.9801304340362549,4.372339324951172,0.0,0.0,nan,nan,nan,nan,nan,nan,nan,nan,nan,nan,16800,-0.00034172780527153,0.06053885072469711,1.4284468054771424,0.02643899079412222,0.03191598393023014,0.03191598393023014,0.1285648263990879,0.00026550742659310346,0.0005031249966123141,0.3961683511734009,1.0,0.0024423076923076915,0.00012057692307692312,0,0.75,0.75,0.0
525,1683200,-775.093035697937,-7.750930075645447,-775.093035697937,-7.750930075645447,0.0,775.093035697937,7.750930075645447,34.1517219543457,0.3415177774429319,3.7625260043144224,0.0,0.0,nan,nan,nan,nan,nan,nan,nan,nan,nan,nan,16832,-0.00028170563982858886,0.020086125284433366,1.4511823177337646,0.006238053785637021,0.038345687463879584,0.038345687463879584,0.07415768951177597,0.00015827839115445386,0.00031874999913270583,0.75291907787323,1.0,0.0024278846153846147,0.00011947115384615382,0,0.75,0.75,0.0
526,1686400,-830.1458711624146,-8.301458826065064,-830.1458711624146,-8.301458826065064,0.0,830.1458711624146,8.301458826065064,-20.901113510131836,-0.20901097297668514,3.980600097179413,0.0,0.0,nan,nan,nan,nan,nan,nan,nan,nan,nan,nan,16864,-0.0005768082794325835,0.037329526618123055,1.4511014223098755,0.014585777558386326,0.047448964044451716,0.047448964044451716,0.10059517994523048,0.0005171510244508682,0.0008687500128871761,0.48705607652664185,1.0,0.002413461538461538,0.00011836538461538462,0,0.75,0.75,0.0
527,1689600,-747.8573141098022,-7.478573265075684,-747.8573141098022,-7.478573265075684,0.0,747.8573141098022,7.478573265075684,61.38744354248047,0.6138745880126946,3.900629394054413,0.0,0.0,nan,nan,nan,nan,nan,nan,nan,nan,nan,nan,16896,-2.044923354187489e-05,0.028562102653086185,1.4476409316062928,0.010787655599415302,0.04446162022650242,0.04446162022650242,0.08734664916992188,0.00016875738510861992,0.00021874999802093953,0.5661345720291138,1.0,0.002399038461538461,0.00011725961538461543,0,0.75,0.75,0.0
528,1692800,-878.42551612854,-8.784255037307739,-878.42551612854,-8.784255037307739,0.0,878.42551612854,8.784255037307739,-69.18075847625732,-0.6918071842193605,4.645234184265137,0.0,0.0,nan,nan,nan,nan,nan,nan,nan,nan,nan,nan,16928,-0.0002299153093697548,0.05100269801914692,1.4361939311027527,0.021846663020551205,0.03409084640443325,0.03409084640443325,0.11575945094227791,0.00013381563353505045,0.0,0.4954511523246765,1.0,0.0023846153846153843,0.00011615384615384623,0,0.75,0.75,0.0
529,1696000,-752.7228479385376,-7.527228555679321,-752.7228479385376,-7.527228555679321,0.0,752.7228479385376,7.527228555679321,56.52190971374512,0.5652192974090573,3.639031367301941,0.0,0.0,nan,nan,nan,nan,nan,nan,nan,nan,nan,nan,16960,-0.0004873712887783821,0.04179983325302601,1.450463843345642,0.016974666994065045,0.04870577789843082,0.04870577789843082,0.09063652157783508,0.00028588366844815025,0.0012250000203493983,0.6077014207839966,1.0,0.0023701923076923075,0.00011504807692307693,0,0.75,0.75,0.0
530,1699200,-779.7439165115356,-7.797439646720886,-779.7439165115356,-7.797439646720886,0.0,779.7439165115356,7.797439646720886,29.50084114074707,0.29500820636749214,3.9969490122795106,0.0,0.0,nan,nan,nan,nan,nan,nan,nan,nan,nan,nan,16992,-0.0001925873782718579,0.03184337150305509,1.4422669649124145,0.012331450171768666,0.036031081900000574,0.036031081900000574,0.10886112153530121,0.00016704658592061605,0.0002562499968917109,0.6369401812553406,1.0,0.00235576923076923,0.00011394230769230774,0,0.75,0.75,0.0
531,1702400,-913.5919904708862,-9.135919704437256,-913.5919904708862,-9.135919704437256,0.0,913.5919904708862,9.135919704437256,-104.34723281860352,-1.0434718513488779,5.043044834136963,0.0,0.0,nan,nan,nan,nan,nan,nan,nan,nan,nan,nan,17024,-0.0003562950533377851,0.07185527011752128,1.4565944910049438,0.032160948030650616,0.034052294492721555,0.034052294492721555,0.15565668940544128,0.00016705712796465376,0.0,0.22833126783370972,1.0,0.002341346153846153,0.00011283653846153854,0,0.75,0.75,0.0
532,1705600,-816.0407314300537,-8.160406942367553,-816.0407314300537,-8.160406942367553,0.0,816.0407314300537,8.160406942367553,-6.795973777770996,-0.06795908927917438,4.19708731174469,0.0,0.0,nan,nan,nan,nan,nan,nan,nan,nan,nan,nan,17056,-0.00018290020292095478,0.02372488658875227,1.4434811234474183,0.008320673229172825,0.03928393758833408,0.03928393758833408,0.07610664367675782,0.00018166311692766613,0.0008749999717110768,0.6262351274490356,1.0,0.0023269230769230763,0.00011173076923076924,0,0.75,0.75,0.0
533,1708800,-806.3002290725708,-8.063002705574036,-806.3002290725708,-8.063002705574036,0.0,806.3002290725708,8.063002705574036,2.944528579711914,0.029445147514342906,3.9481830763816834,0.0,0.0,nan,nan,nan,nan,nan,nan,nan,nan,nan,nan,17088,-0.00015230365134302203,0.04660402275621891,1.4490184545516969,0.019798852503299713,0.03062448985874653,0.03062448985874653,0.10899714305996895,8.801822418718075e-05,0.0,0.41309070587158203,1.0,0.0023124999999999995,0.00011062500000000005,0,0.75,0.75,0.0
534,1712000,-880.9632511138916,-8.809632167816162,-880.9632511138916,-8.809632167816162,0.0,880.9632511138916,8.809632167816162,-71.71849346160889,-0.717184314727783,3.986264567375183,0.0,0.0,nan,nan,nan,nan,nan,nan,nan,nan,nan,nan,17120,-0.0002836589187543481,0.05146101824939251,1.4291768550872803,0.022162492200732232,0.03930220417678356,0.03930220417678356,0.11890100091695785,0.00016153065994330972,0.0009843750129221007,0.526396632194519,1.0,0.0022980769230769226,0.00010951923076923085,0,0.75,0.75,0.0
535,1715200,-782.9568862915039,-7.8295689392089844,-782.9568862915039,-7.8295689392089844,0.0,782.9568862915039,7.8295689392089844,26.28787136077881,0.2628789138793941,3.7603946042060854,0.0,0.0,nan,nan,nan,nan,nan,nan,nan,nan,nan,nan,17152,-0.0003592142599954995,0.04448439329862595,1.4419520974159241,0.01859006304293871,0.04721717238426208,0.04721717238426208,0.11107980161905288,0.00027748440124923944,0.00178124996018596,0.36026549339294434,1.0,0.002283653846153846,0.00010841346153846155,0,0.75,0.75,0.0
536,1718400,-868.4492073059082,-8.68449164390564,-868.4492073059082,-8.68449164390564,0.0,868.4492073059082,8.68449164390564,-59.20444965362549,-0.5920437908172609,4.378282475471496,0.0,0.0,nan,nan,nan,nan,nan,nan,nan,nan,nan,nan,17184,-0.0002522279981407749,0.06107534803450108,1.4292640328407287,0.027042116038501263,0.03367765098810196,0.03367765098810196,0.13640570715069772,0.0002261682885546179,0.00031562499862047844,0.41578102111816406,1.0,0.002269230769230769,0.00010730769230769236,0,0.75,0.75,0.0
537,1721600,-793.5938386917114,-7.935938630104065,-793.5938386917114,-7.935938630104065,0.0,793.5938386917114,7.935938630104065,15.650918960571289,0.15650922298431347,3.8887645387649536,0.0,0.0,nan,nan,nan,nan,nan,nan,nan,nan,nan,nan,17216,-0.00015379479218335934,0.05043628290295601,1.4609274506568908,0.021770236641168596,0.03230411037802696,0.03230411037802696,0.12285372763872146,6.146910179722908e-05,0.0,0.4050065875053406,1.0,0.0022548076923076914,0.00010620192307692305,0,0.75,0.75,0.0
538,1724800,-816.5895309448242,-8.165895557403564,-816.5895309448242,-8.165895557403564,0.0,816.5895309448242,8.165895557403564,-7.344773292541504,-0.07344770431518555,3.6430447483062744,0.0,0.0,nan,nan,nan,nan,nan,nan,nan,nan,nan,nan,17248,-0.0001432687641288788,0.033024512976408,1.4491906642913819,0.013122243154793978,0.028424921818077563,0.028424921818077563,0.09544588923454285,7.549751144324546e-05,0.00012812500353902577,0.6220958232879639,1.0,0.0022403846153846146,0.00010509615384615386,0,0.75,0.75,0.0
539,1728000,-869.8044147491455,-8.698044490814208,-869.8044147491455,-8.698044490814208,0.0,869.8044147491455,8.698044490814208,-60.55965709686279,-0.6055966377258297,4.567866635322571,0.0,0.0,nan,nan,nan,nan,nan,nan,nan,nan,nan,nan,17280,-0.0003872715027741336,0.052668660134077075,1.4587235808372498,0.022699996083974838,0.04210917502641678,0.04210917502641678,0.11182185858488083,0.00020868702513325842,7.812499825377017e-05,0.6128272414207458,1.0,0.0022259615384615378,0.00010399038461538456,0,0.75,0.75,0.0
540,1731200,-784.536548614502,-7.845365400314331,-784.536548614502,-7.845365400314331,0.0,784.536548614502,7.845365400314331,24.70820903778076,0.2470824527740474,3.7359445476531983,0.0,0.0,-721.3576912879944,-7.213576912879944,-721.3576912879944,-7.213576912879944,100.0,4.057564673423767,0.0,0.0,721.3576912879944,83.30478954315186,17312,-0.00048161912304927056,0.02972457427531481,1.4609624981880187,0.01114969328045845,0.06346847862005234,0.06346847862005234,0.0901625856757164,0.00035520458941391554,0.001043749978998676,0.3305651545524597,1.0,0.00221153846153846,0.00010288461538461536,0,0.75,0.75,0.0
541,1734400,-873.805347442627,-8.738053178787231,-873.805347442627,-8.738053178787231,0.0,873.805347442627,8.738053178787231,-64.56058979034424,-0.6456053256988525,4.558108048439026,0.0,0.0,nan,nan,nan,nan,nan,nan,nan,nan,nan,nan,17344,-0.00013361241792395618,0.048685185983777045,1.476362371444702,0.02096524219959974,0.029072026163339613,0.029072026163339613,0.11678215712308884,0.00022889522342666168,0.0,0.3682873249053955,1.0,0.0021971153846153833,0.00010177884615384617,0,0.75,0.75,0.0
542,1737600,-871.6662330627441,-8.716662311553955,-871.6662330627441,-8.716662311553955,0.0,871.6662330627441,8.716662311553955,-62.421475410461426,-0.6242144584655769,4.301521158218383,0.0,0.0,nan,nan,nan,nan,nan,nan,nan,nan,nan,nan,17376,-0.00036103012646488964,0.031049608066678048,1.4736044049263,0.011947348527610303,0.03353964164853096,0.03353964164853096,0.0816311553120613,0.00021126307974554946,9.375000081490725e-06,0.656351625919342,1.0,0.0021826923076923074,0.00010067307692307697,0,0.75,0.75,0.0
543,1740800,-735.653130531311,-7.356531190872192,-735.653130531311,-7.356531190872192,0.0,735.653130531311,7.356531190872192,73.59162712097168,0.7359166622161863,3.5191383266448977,0.0,0.0,nan,nan,nan,nan,nan,nan,nan,nan,nan,nan,17408,-0.00021295021993790187,0.05181821435689926,1.4600549817085267,0.02253036480396986,0.033199653029441833,0.033199653029441833,0.1304742105305195,0.00014213114086487623,6.250000296859071e-06,0.5417191386222839,1.0,0.0021682692307692306,9.956730769230767e-05,0,0.75,0.75,0.0
544,1744000,-931.539342880249,-9.315393371582031,-931.539342880249,-9.315393371582031,0.0,931.539342880249,9.315393371582031,-122.29458522796631,-1.2229455184936526,5.206109251976013,0.0,0.0,nan,nan,nan,nan,nan,nan,nan,nan,nan,nan,17440,-0.00024441706789222193,0.0551028873771429,1.48842054605484,0.02410119827836752,0.03550928384065628,0.03550928384065628,0.12178110852837562,0.00011530955102898588,0.00011250000243308022,0.5026548504829407,1.0,0.0021538461538461538,9.846153846153848e-05,0,0.75,0.75,0.0
545,1747200,-872.8579473495483,-8.72857928276062,-872.8579473495483,-8.72857928276062,0.0,872.8579473495483,8.72857928276062,-63.613189697265625,-0.6361314296722416,4.345878262519836,0.0,0.0,nan,nan,nan,nan,nan,nan,nan,nan,nan,nan,17472,-0.0003899256585864208,0.06435648053884506,1.493415653705597,0.028593266941607,0.04115985482931137,0.04115985482931137,0.11744356751441956,0.00023019284089969004,0.00017187499906867743,0.4051635265350342,1.0,0.002139423076923077,9.735576923076928e-05,0,0.75,0.75,0.0
546,1750400,-770.6907844543457,-7.706908082962036,-770.6907844543457,-7.706908082962036,0.0,770.6907844543457,7.706908082962036,38.55397319793701,0.3855397701263428,3.8994909644126894,0.0,0.0,nan,nan,nan,nan,nan,nan,nan,nan,nan,nan,17504,-0.00022588222043999905,0.031222054176032542,1.4898179531097413,0.012219281680881978,0.03587167821824551,0.03587167821824551,0.10495042726397515,0.00019032595509997917,5.937500100117177e-05,0.6217098236083984,1.0,0.002125,9.624999999999998e-05,0,0.75,0.75,0.0
547,1753600,-766.6648683547974,-7.6666488409042355,-766.6648683547974,-7.6666488409042355,0.0,766.6648683547974,7.6666488409042355,42.57988929748535,0.42579901218414307,3.855351753234863,0.0,0.0,nan,nan,nan,nan,nan,nan,nan,nan,nan,nan,17536,-0.0003539585321355787,0.02483188547194004,1.4858953714370728,0.008925887756049633,0.04368427656590938,0.04368427656590938,0.09761159792542458,0.0002122370157849218,2.5000001187436283e-05,0.6547585725784302,1.0,0.0021105769230769216,9.514423076923079e-05,0,0.75,0.75,0.0
548,1756800,-863.4605112075806,-8.634605112075805,-863.4605112075806,-8.634605112075805,0.0,863.4605112075806,8.634605112075805,-54.21575355529785,-0.5421572589874266,4.254473953247071,0.0,0.0,nan,nan,nan,nan,nan,nan,nan,nan,nan,nan,17568,-8.15685864310467e-05,0.06273615583777428,1.4878047943115233,0.028167841583490373,0.03460775315761566,0.03460775315761566,0.11226721405982971,0.00011520859216034296,0.0,0.4557085633277893,1.0,0.002096153846153845,9.40384615384616e-05,0,0.75,0.75,0.0
549,1760000,-777.3869476318359,-7.773869576454163,-777.3869476318359,-7.773869576454163,0.0,777.3869476318359,7.773869576454163,31.857810020446777,0.31857827663421556,4.163638215065003,0.0,0.0,nan,nan,nan,nan,nan,nan,nan,nan,nan,nan,17600,-0.00029568569305702395,0.038578639179468154,1.4860347032546997,0.015900109615176915,0.041251037269830704,0.041251037269830704,0.11107831373810768,0.00010932256661817518,0.0,0.5859057903289795,1.0,0.002081730769230768,9.293269230769229e-05,0,0.75,0.75,0.0
550,1763200,-817.3530349731445,-8.173530673980713,-817.3530349731445,-8.173530673980713,0.0,817.3530349731445,8.173530673980713,-8.108277320861816,-0.08108282089233398,4.020132756233215,0.0,0.0,nan,nan,nan,nan,nan,nan,nan,nan,nan,nan,17632,-0.00025035130916952755,0.05419263727962971,1.4939154505729675,0.02375758420675993,0.038729555532336236,0.038729555532336236,0.10891120582818985,0.0002461045111886051,0.0,0.5573186874389648,1.0,0.002067307692307691,9.18269230769231e-05,0,0.75,0.75,0.0
551,1766400,-810.0026817321777,-8.100026502609253,-810.0026817321777,-8.100026502609253,0.0,810.0026817321777,8.100026502609253,-0.7579240798950195,-0.007578649520874947,3.890745379924774,0.0,0.0,nan,nan,nan,nan,nan,nan,nan,nan,nan,nan,17664,-0.00017380249382181745,0.051863592490553855,1.4924140572547913,0.022694239765405654,0.04413296170532703,0.04413296170532703,0.10801390632987022,9.517978191979637e-05,0.0,0.5078412294387817,1.0,0.0020528846153846144,9.07211538461539e-05,0,0.75,0.75,0.0
552,1769600,-864.7389326095581,-8.64738917350769,-864.7389326095581,-8.64738917350769,0.0,864.7389326095581,8.64738917350769,-55.49417495727539,-0.5549413204193119,4.800205221176148,0.0,0.0,nan,nan,nan,nan,nan,nan,nan,nan,nan,nan,17696,-0.0002049342642946428,0.05552551075816155,1.4850184917449951,0.024530668184161185,0.029421245306730272,0.029421245306730272,0.10769161805510521,0.00019066993017986534,0.0,0.47470754384994507,1.0,0.0020384615384615376,8.961538461538471e-05,0,0.75,0.75,0.0
553,1772800,-827.7537708282471,-8.277537956237794,-827.7537708282471,-8.277537956237794,0.0,827.7537708282471,8.277537956237794,-18.509013175964355,-0.185090103149415,4.241167068481445,0.0,0.0,nan,nan,nan,nan,nan,nan,nan,nan,nan,nan,17728,-0.00021697292434978975,0.029416585713624953,1.4821269750595092,0.011491438001394272,0.037662677094340326,0.037662677094340326,0.08805963173508644,0.00010480426308276947,0.0,0.6006050109863281,1.0,0.002024038461538461,8.85096153846154e-05,0,0.75,0.75,0.0
554,1776000,-917.3022480010986,-9.173022356033325,-917.3022480010986,-9.173022356033325,0.0,917.3022480010986,9.173022356033325,-108.05749034881592,-1.0805745029449465,4.521669540405274,0.0,0.0,nan,nan,nan,nan,nan,nan,nan,nan,nan,nan,17760,-0.00022489080642262849,0.05182078443467617,1.4867806792259217,0.02269764393568039,0.042149031162261964,0.042149031162261964,0.11783777549862862,8.213257060560864e-05,0.0,0.5624473094940186,1.0,0.002009615384615384,8.740384615384621e-05,0,0.75,0.75,0.0
555,1779200,-809.6219663619995,-8.096219577789306,-809.6219663619995,-8.096219577789306,0.0,809.6219663619995,8.096219577789306,-0.3772087097167969,-0.003771724700927237,3.947208995819092,0.0,0.0,nan,nan,nan,nan,nan,nan,nan,nan,nan,nan,17792,-0.0002024467459115442,0.03281632289290428,1.4917893290519715,0.013229307904839515,0.05110958553850651,0.05110958553850651,0.08872303366661072,8.683838141223532e-05,9.687499732535798e-05,0.5819598436355591,1.0,0.001995192307692307,8.629807692307702e-05,0,0.75,0.75,0.0
556,1782400,-838.6358795166016,-8.386358861923219,-838.6358795166016,-8.386358861923219,0.0,838.6358795166016,8.386358861923219,-29.391121864318848,-0.29391100883484,4.190311846733093,0.0,0.0,nan,nan,nan,nan,nan,nan,nan,nan,nan,nan,17824,-0.0002151898612312131,0.04651426188647747,1.5121132969856261,0.020046793669462205,0.03420509472489357,0.03420509472489357,0.10323048979043961,0.00010388397108727077,0.00011562500112631824,0.5270348787307739,1.0,0.0019807692307692304,8.519230769230772e-05,0,0.75,0.75,0.0
557,1785600,-870.1773233413696,-8.701773328781128,-870.1773233413696,-8.701773328781128,0.0,870.1773233413696,8.701773328781128,-60.932565689086914,-0.6093254756927493,4.05213309764862,0.0,0.0,nan,nan,nan,nan,nan,nan,nan,nan,nan,nan,17856,-0.00027550516742920196,0.051464127376675606,1.492159330844879,0.02252245657145977,0.059157812222838405,0.059157812222838405,0.11322260200977326,8.721506834490356e-05,0.0,0.525231122970581,1.0,0.001966346153846152,8.408653846153841e-05,0,0.75,0.75,0.0
558,1788800,-845.412540435791,-8.454125185012817,-845.412540435791,-8.454125185012817,0.0,845.412540435791,8.454125185012817,-36.1677827835083,-0.3616773319244384,3.867212278842926,0.0,0.0,nan,nan,nan,nan,nan,nan,nan,nan,nan,nan,17888,-0.00015318850279943952,0.042286310344934464,1.5026610851287843,0.018056887947022916,0.03564037978649139,0.03564037978649139,0.0984396480023861,0.0001569239366290276,0.0,0.5966254472732544,1.0,0.001951923076923075,8.298076923076922e-05,0,0.75,0.75,0.0
559,1792000,-851.4969882965088,-8.514970283508301,-851.4969882965088,-8.514970283508301,0.0,851.4969882965088,8.514970283508301,-42.252230644226074,-0.42252243041992266,4.259624762535095,0.0,0.0,nan,nan,nan,nan,nan,nan,nan,nan,nan,nan,17920,-0.0002147695513209147,0.030027431063354017,1.4921027541160583,0.011907996889203788,0.03462479338049888,0.03462479338049888,0.09235236942768096,9.902965816763754e-05,0.0,0.5643597841262817,1.0,0.0019374999999999983,8.187500000000003e-05,0,0.75,0.75,0.0
560,1795200,-805.9663400650024,-8.059663219451904,-805.9663400650024,-8.059663219451904,0.0,805.9663400650024,8.059663219451904,3.2784175872802734,0.032784633636474325,3.7211353898048403,0.0,0.0,-758.3501408100128,-7.583501408100128,-758.3501408100128,-7.583501408100128,100.0,4.29056811094284,0.0,0.0,758.3501408100128,46.31234002113342,17952,-0.0002309116385978971,0.03884677216410637,1.5013242602348327,0.016305312421172856,0.036478934809565544,0.036478934809565544,0.10280185341835021,0.00015099952597665833,3.1250001484295353e-06,0.45073580741882324,1.0,0.0019230769230769214,8.076923076923072e-05,0,0.75,0.75,0.0
561,1798400,-831.9803857803345,-8.319803619384766,-831.9803857803345,-8.319803619384766,0.0,831.9803857803345,8.319803619384766,-22.735628128051758,-0.22735576629638743,3.909424784183502,0.0,0.0,nan,nan,nan,nan,nan,nan,nan,nan,nan,nan,17984,-0.0003326004019269746,0.04075038768351078,1.5077823519706726,0.017164758499711753,0.05644407644867897,0.05644407644867897,0.11488944366574287,0.0001802222349851945,0.0,0.5022891759872437,1.0,0.0019086538461538446,7.966346153846153e-05,0,0.75,0.75,0.0
562,1801600,-757.8911428451538,-7.57891149520874,-757.8911428451538,-7.57891149520874,0.0,757.8911428451538,7.57891149520874,51.353614807128906,0.5135363578796381,3.429845085144043,0.0,0.0,nan,nan,nan,nan,nan,nan,nan,nan,nan,nan,18016,-0.00026753618385408904,0.04085577391088009,1.5185535907745362,0.017283859848976135,0.03636152893304825,0.03636152893304825,0.12065544575452805,0.00025032833309523994,0.0,0.5356473326683044,1.0,0.0018942307692307678,7.855769230769233e-05,0,0.75,0.75,0.0
563,1804800,-839.8913421630859,-8.39891354560852,-839.8913421630859,-8.39891354560852,0.0,839.8913421630859,8.39891354560852,-30.646584510803223,-0.3064656925201419,4.147892913818359,0.0,0.0,nan,nan,nan,nan,nan,nan,nan,nan,nan,nan,18048,-0.00014554855804602696,0.08421827703714371,1.5055501222610475,0.03913344591856003,0.05039284117519856,0.05039284117519856,0.15671901553869247,0.00012565694896693458,0.0,0.15669727325439453,1.0,0.001879807692307691,7.745192307692314e-05,0,0.75,0.75,0.0
564,1808000,-774.7405128479004,-7.74740532875061,-774.7405128479004,-7.74740532875061,0.0,774.7405128479004,7.74740532875061,34.504244804382324,0.34504252433776816,3.3200605511665344,0.0,0.0,nan,nan,nan,nan,nan,nan,nan,nan,nan,nan,18080,-6.72169929865074e-05,0.05225576609373093,1.5154916405677796,0.023233691230416298,0.03860704004764557,0.03860704004764557,0.12437600940465927,5.145875793459709e-05,0.0,0.324631929397583,1.0,0.0018653846153846142,7.634615384615384e-05,0,0.75,0.75,0.0
565,1811200,-801.9013395309448,-8.019013199806214,-801.9013395309448,-8.019013199806214,0.0,801.9013395309448,8.019013199806214,7.343418121337891,0.07343465328216503,3.2299335837364196,0.0,0.0,nan,nan,nan,nan,nan,nan,nan,nan,nan,nan,18112,-0.00020499632173009985,0.03498278073966503,1.5064823031425476,0.014497952815145255,0.035216673463582995,0.035216673463582995,0.08685783669352531,7.344435243794578e-05,0.0,0.564598798751831,1.0,0.0018509615384615374,7.524038461538464e-05,0,0.75,0.75,0.0
566,1814400,-881.834225654602,-8.818342390060424,-881.834225654602,-8.818342390060424,0.0,881.834225654602,8.818342390060424,-72.58946800231934,-0.7258945369720458,5.021911034584045,0.0,0.0,nan,nan,nan,nan,nan,nan,nan,nan,nan,nan,18144,-0.00029265787490588834,0.05363559350371361,1.509430742263794,0.02375301141291857,0.05055532082915306,0.05055532082915306,0.12903526425361633,0.0001036286983435275,0.0,0.5824296474456787,1.0,0.0018365384615384606,7.413461538461545e-05,0,0.75,0.75,0.0
567,1817600,-814.368574142456,-8.143685894012451,-814.368574142456,-8.143685894012451,0.0,814.368574142456,8.143685894012451,-5.12381649017334,-0.05123804092407269,4.368915057182312,0.0,0.0,nan,nan,nan,nan,nan,nan,nan,nan,nan,nan,18176,-0.0003573491117582428,0.03526059314608574,1.5095037817955017,0.01452245730906725,0.05555743798613548,0.05555743798613548,0.10502966344356537,0.00017855027576842985,0.00014375000318977982,0.40548068284988403,1.0,0.0018221153846153838,7.302884615384615e-05,0,0.75,0.75,0.0
568,1820800,-753.7223844528198,-7.537223815917969,-753.7223844528198,-7.537223815917969,0.0,753.7223844528198,7.537223815917969,55.52237319946289,0.5552240371704098,3.444050967693329,0.0,0.0,nan,nan,nan,nan,nan,nan,nan,nan,nan,nan,18208,-0.0002058853893991852,0.023980397172272204,1.507605540752411,0.009059026278555394,0.04213798306882381,0.04213798306882381,0.07799368277192116,0.00014608041487917944,6.250000296859071e-06,0.6606165170669556,1.0,0.001807692307692307,7.192307692307695e-05,0,0.75,0.75,0.0
569,1824000,-845.2437763214111,-8.452437515258788,-845.2437763214111,-8.452437515258788,0.0,845.2437763214111,8.452437515258788,-35.99901866912842,-0.35998966217040973,3.9009831881523134,0.0,0.0,nan,nan,nan,nan,nan,nan,nan,nan,nan,nan,18240,-0.00013373284340119086,0.05367983318865299,1.5186829686164856,0.023982776887714864,0.04686415530741215,0.04686415530741215,0.11934800148010254,4.0664142602508946e-05,0.0,0.45208197832107544,1.0,0.0017932692307692302,7.081730769230776e-05,0,0.75,0.75,0.0
570,1827200,-816.5951042175293,-8.165950756072998,-816.5951042175293,-8.165950756072998,0.0,816.5951042175293,8.165950756072998,-7.350346565246582,-0.07350290298461992,3.826335425376892,0.0,0.0,nan,nan,nan,nan,nan,nan,nan,nan,nan,nan,18272,-0.00031251431316486335,0.03203161265701056,1.5082020521163941,0.01302043255418539,0.03814971968531609,0.03814971968531609,0.09823761507868767,0.00013967538143333513,0.0,0.315524697303772,1.0,0.0017788461538461534,6.971153846153846e-05,0,0.75,0.75,0.0
571,1830400,-789.0816659927368,-7.890816740989685,-789.0816659927368,-7.890816740989685,0.0,789.0816659927368,7.890816740989685,20.1630916595459,0.20163111209869378,3.5966950368881228,0.0,0.0,nan,nan,nan,nan,nan,nan,nan,nan,nan,nan,18304,-9.531036345942767e-05,0.03127607721835375,1.50722815990448,0.012883340008556843,0.041310543566942214,0.041310543566942214,0.09340441972017288,8.006469493011536e-05,6.562499911524355e-05,0.43271690607070923,1.0,0.0017644230769230766,6.860576923076926e-05,0,0.75,0.75,0.0
572,1833600,-797.7154121398926,-7.977154183387756,-797.7154121398926,-7.977154183387756,0.0,797.7154121398926,7.977154183387756,11.529345512390137,0.11529366970062238,3.941831352710724,0.0,0.0,nan,nan,nan,nan,nan,nan,nan,nan,nan,nan,18336,-0.00011653664225885763,0.03348093330860138,1.5098865270614623,0.013981628604233265,0.03171079084277153,0.03171079084277153,0.1053134746849537,5.4856774499967284e-05,0.00019062499814026523,0.6217664480209351,1.0,0.0017499999999999998,6.750000000000007e-05,0,0.75,0.75,0.0
573,1836800,-749.3745918273926,-7.493745751380921,-749.3745918273926,-7.493745751380921,0.0,749.3745918273926,7.493745751380921,59.87016582489014,0.5987021017074579,3.780421643257141,0.0,0.0,nan,nan,nan,nan,nan,nan,nan,nan,nan,nan,18368,-0.0001869617691546921,0.023562118783593176,1.5007759571075439,0.00898938551545143,0.045243947952985766,0.045243947952985766,0.08672415092587471,4.705932900606058e-05,0.0,0.628702700138092,1.0,0.001735576923076923,6.639423076923087e-05,0,0.75,0.75,0.0
574,1840000,-784.4128274917603,-7.844128050804138,-784.4128274917603,-7.844128050804138,0.0,784.4128274917603,7.844128050804138,24.83193016052246,0.24831980228424033,3.8388447403907775,0.0,0.0,nan,nan,nan,nan,nan,nan,nan,nan,nan,nan,18400,-0.00013479041891621967,0.03838357999920845,1.504301917552948,0.016467864718288185,0.03558238595724106,0.03558238595724106,0.0948946364223957,4.955289366534998e-05,0.0,0.6064808368682861,1.0,0.0017211538461538462,6.528846153846157e-05,0,0.75,0.75,0.0
575,1843200,-905.3215284347534,-9.053215293884277,-905.3215284347534,-9.053215293884277,0.0,905.3215284347534,9.053215293884277,-96.0767707824707,-0.9607674407958982,5.201738629341126,0.0,0.0,nan,nan,nan,nan,nan,nan,nan,nan,nan,nan,18432,-0.00013897309389632184,0.06403756812214852,1.4964818954467773,0.029325718991458416,0.03637703098356724,0.03637703098356724,0.14918739050626756,2.6193676126240463e-05,0.0,0.5082886219024658,1.0,0.0017067307692307694,6.418269230769238e-05,0,0.75,0.75,0.0
576,1846400,-796.2091541290283,-7.962091379165649,-796.2091541290283,-7.962091379165649,0.0,796.2091541290283,7.962091379165649,13.035603523254395,0.13035647392272942,4.064363918304443,0.0,0.0,nan,nan,nan,nan,nan,nan,nan,nan,nan,nan,18464,-0.00028432176231871773,0.06087140887975693,1.507232916355133,0.02760068066418171,0.058550044894218445,0.058550044894218445,0.12040273025631905,8.582567568282684e-05,0.0,0.4401419162750244,1.0,0.0016923076923076909,6.307692307692308e-05,0,0.75,0.75,0.0
577,1849600,-871.0506191253662,-8.710506191253662,-871.0506191253662,-8.710506191253662,0.0,871.0506191253662,8.710506191253662,-61.805861473083496,-0.6180583381652838,4.511930584907532,0.0,0.0,nan,nan,nan,nan,nan,nan,nan,nan,nan,nan,18496,-0.000288315410746165,0.041616250202059744,1.5069663882255555,0.01799129359424114,0.043443822488188746,0.043443822488188746,0.11260322406888008,0.00014238406433833006,0.0,0.42431533336639404,1.0,0.001677884615384614,6.197115384615388e-05,0,0.75,0.75,0.0
578,1852800,-836.9863176345825,-8.369863586425781,-836.9863176345825,-8.369863586425781,0.0,836.9863176345825,8.369863586425781,-27.741559982299805,-0.27741573333740277,3.741691665649414,0.0,0.0,nan,nan,nan,nan,nan,nan,nan,nan,nan,nan,18528,-0.00016958198648353573,0.04815975949168205,1.5130576610565185,0.02139338441193104,0.03651716038584709,0.03651716038584709,0.12253266349434852,7.086823889039806e-05,9.375000081490725e-06,0.4357796311378479,1.0,0.0016634615384615373,6.086538461538458e-05,0,0.75,0.75,0.0
579,1856000,-824.5961208343506,-8.245960664749145,-824.5961208343506,-8.245960664749145,0.0,824.5961208343506,8.245960664749145,-15.351363182067871,-0.15351281166076625,3.3701442694664,0.0,0.0,nan,nan,nan,nan,nan,nan,nan,nan,nan,nan,18560,-0.00016635644600606624,0.048730985075235364,1.4972697734832763,0.021730080619454382,0.035227492451667786,0.035227492451667786,0.12510038986802102,5.231824303564281e-05,0.00010937500337604433,0.4011051058769226,1.0,0.0016490384615384605,5.9759615384615385e-05,0,0.75,0.75,0.0
580,1859200,-810.5821905136108,-8.10582181930542,-810.5821905136108,-8.10582181930542,0.0,810.5821905136108,8.10582181930542,-1.337432861328125,-0.01337396621704201,4.149282703399658,0.0,0.0,-740.82040143013,-7.4082040143013,-740.82040143013,-7.4082040143013,100.0,4.136435643434525,0.0,0.0,740.82040143013,63.842079401016235,18592,-8.485956117036953e-05,0.04621102549135685,1.4989934325218202,0.020570375397801398,0.03906237743794918,0.03906237743794918,0.09661557525396347,2.5533169628033646e-05,0.0,0.49503982067108154,1.0,0.0016346153846153837,5.865384615384619e-05,0,0.75,0.75,0.0
581,1862400,-783.3064270019531,-7.833064584732056,-783.3064270019531,-7.833064584732056,0.0,783.3064270019531,7.833064584732056,25.93833065032959,0.25938326835632264,3.550049033164978,0.0,0.0,nan,nan,nan,nan,nan,nan,nan,nan,nan,nan,18624,-0.0001894040131170005,0.023515920154750347,1.4959320664405822,0.009144858270883561,0.0435006108134985,0.0435006108134985,0.0774847574532032,4.729981548052819e-05,0.0,0.6421416997909546,1.0,0.0016201923076923069,5.754807692307689e-05,0,0.75,0.75,0.0
582,1865600,-914.3432445526123,-9.143432979583741,-914.3432445526123,-9.143432979583741,0.0,914.3432445526123,9.143432979583741,-105.09848690032959,-1.0509851264953625,4.9820909452438356,0.0,0.0,nan,nan,nan,nan,nan,nan,nan,nan,nan,nan,18656,-9.601899284383819e-05,0.0624813050031662,1.4960164070129394,0.028742375783622265,0.029858429357409476,0.029858429357409476,0.12235388308763503,3.407899764624744e-05,0.0,0.3829237222671509,1.0,0.00160576923076923,5.6442307692307694e-05,0,0.75,0.75,0.0
583,1868800,-882.1977977752686,-8.821977806091308,-882.1977977752686,-8.821977806091308,0.0,882.1977977752686,8.821977806091308,-72.95304012298584,-0.7295299530029293,5.082709488868713,0.0,0.0,nan,nan,nan,nan,nan,nan,nan,nan,nan,nan,18688,-0.00012696640588805153,0.059617680683732036,1.5083603620529176,0.02728155106306076,0.03765113279223442,0.03765113279223442,0.11602598428726196,3.5255380748822065e-05,0.0,0.5079966187477112,1.0,0.0015913461538461533,5.53365384615385e-05,0,0.75,0.75,0.0
584,1872000,-813.288984298706,-8.132890186309815,-813.288984298706,-8.132890186309815,0.0,813.288984298706,8.132890186309815,-4.04422664642334,-0.040442333221436755,3.6340971422195434,0.0,0.0,nan,nan,nan,nan,nan,nan,nan,nan,nan,nan,18720,-0.00017208023096609848,0.04873112365603447,1.502587890625,0.021824015863239767,0.049702296033501625,0.049702296033501625,0.11349251344799996,3.926979770767503e-05,0.0,0.3565661311149597,1.0,0.0015769230769230765,5.42307692307692e-05,0,0.75,0.75,0.0
585,1875200,-785.0799608230591,-7.850799627304077,-785.0799608230591,-7.850799627304077,0.0,785.0799608230591,7.850799627304077,24.164796829223633,0.24164822578430112,4.3050062417984005,0.0,0.0,nan,nan,nan,nan,nan,nan,nan,nan,nan,nan,18752,-0.00011504723835060737,0.03479243256151676,1.4962064623832703,0.014943346381187439,0.041655441373586656,0.041655441373586656,0.1052534006536007,4.7029246934471304e-05,0.0,0.6324124932289124,1.0,0.0015624999999999997,5.3125000000000004e-05,0,0.75,0.75,0.0
586,1878400,-871.332935333252,-8.713329296112061,-871.332935333252,-8.713329296112061,0.0,871.332935333252,8.713329296112061,-62.08817768096924,-0.6208814430236824,4.455252537727356,0.0,0.0,nan,nan,nan,nan,nan,nan,nan,nan,nan,nan,18784,-0.00023343369903452426,0.06420986577868462,1.4942290782928467,0.029558317549526692,0.048301986977458,0.048301986977458,0.1288203105330467,3.8821603948235864e-05,0.0,0.46362853050231934,1.0,0.0015480769230769229,5.201923076923081e-05,0,0.75,0.75,0.0
587,1881600,-896.2378425598145,-8.962378435134887,-896.2378425598145,-8.962378435134887,0.0,896.2378425598145,8.962378435134887,-86.99308490753174,-0.8699305820465089,4.789360418319702,0.0,0.0,nan,nan,nan,nan,nan,nan,nan,nan,nan,nan,18816,-0.00010159158884857079,0.05628875456750393,1.4847595930099486,0.025765678100287914,0.027576248720288278,0.027576248720288278,0.1172389693558216,4.3101266851408584e-05,0.0,0.2779960036277771,1.0,0.001533653846153846,5.0913461538461616e-05,0,0.75,0.75,0.0
588,1884800,-777.9251928329468,-7.779252014160156,-777.9251928329468,-7.779252014160156,0.0,777.9251928329468,7.779252014160156,31.319564819335938,0.31319583892822234,3.880798201560974,0.0,0.0,nan,nan,nan,nan,nan,nan,nan,nan,nan,nan,18848,-0.0001381519661081576,0.050638995692133905,1.5004556775093079,0.02290180753916502,0.03679894953966141,0.03679894953966141,0.11534723863005639,2.370741195818482e-05,4.062500192958396e-05,0.6129984855651855,1.0,0.0015192307692307692,4.980769230769231e-05,0,0.75,0.75,0.0
589,1888000,-810.5620737075806,-8.105620398521424,-810.5620737075806,-8.105620398521424,0.0,810.5620737075806,8.105620398521424,-1.3173160552978516,-0.013172545433045357,3.9701576590538026,0.0,0.0,nan,nan,nan,nan,nan,nan,nan,nan,nan,nan,18880,-5.585515528818974e-05,0.0411126121878624,1.4890649676322938,0.018259694427251817,0.026079866848886014,0.026079866848886014,0.08729654401540757,1.256981237816035e-05,0.0,0.5678496956825256,1.0,0.0015048076923076924,4.870192307692312e-05,0,0.75,0.75,0.0
590,1891200,-837.1880216598511,-8.371879463195802,-837.1880216598511,-8.371879463195802,0.0,837.1880216598511,8.371879463195802,-27.94326400756836,-0.279431610107423,4.316873712539673,0.0,0.0,nan,nan,nan,nan,nan,nan,nan,nan,nan,nan,18912,-0.00012718246099685526,0.03772994317114353,1.4806279420852662,0.0165310837328434,0.04070975109934807,0.04070975109934807,0.0844408854842186,2.4864521196832357e-05,0.0,0.589346706867218,1.0,0.0014903846153846156,4.7596153846153925e-05,0,0.75,0.75,0.0
591,1894400,-891.8899526596069,-8.918899879455566,-891.8899526596069,-8.918899879455566,0.0,891.8899526596069,8.918899879455566,-82.64519500732422,-0.8264520263671873,5.269953479766846,0.0,0.0,nan,nan,nan,nan,nan,nan,nan,nan,nan,nan,18944,-0.000136061787807229,0.08023101240396499,1.4817225575447082,0.037792478874325755,0.04211946204304695,0.04211946204304695,0.1518099844455719,2.372892225821488e-05,0.0,0.4232253432273865,1.0,0.0014759615384615388,4.649038461538462e-05,0,0.75,0.75,0.0
592,1897600,-746.3112459182739,-7.463112421035767,-746.3112459182739,-7.463112421035767,0.0,746.3112459182739,7.463112421035767,62.93351173400879,0.6293354320526117,3.3766192770004273,0.0,0.0,nan,nan,nan,nan,nan,nan,nan,nan,nan,nan,18976,-0.00013779809240332952,0.040465787425637244,1.4826412916183471,0.0179281584918499,0.03748935684561729,0.03748935684561729,0.10103330463171005,2.4541656205201435e-05,0.0,0.6476199626922607,1.0,0.0014615384615384603,4.538461538461543e-05,0,0.75,0.75,0.0
593,1900800,-783.1380271911621,-7.831380386352539,-783.1380271911621,-7.831380386352539,0.0,783.1380271911621,7.831380386352539,26.106730461120605,0.2610674667358399,3.3609967184066774,0.0,0.0,nan,nan,nan,nan,nan,nan,nan,nan,nan,nan,19008,-0.00012897428944054213,0.04116809703409672,1.4875748872756958,0.018302381969988346,0.034514419734478,0.034514419734478,0.11433350890874863,5.6456991069353533e-05,0.00013125000259606168,0.3252657651901245,1.0,0.0014471153846153835,4.4278846153846235e-05,0,0.75,0.75,0.0
594,1904000,-857.3386869430542,-8.573386716842652,-857.3386869430542,-8.573386716842652,0.0,857.3386869430542,8.573386716842652,-48.093929290771484,-0.4809388637542735,3.7837865352630615,0.0,0.0,nan,nan,nan,nan,nan,nan,nan,nan,nan,nan,19040,-0.0001659944994229612,0.050181548297405246,1.486289143562317,0.022795384377241136,0.03727605603635311,0.03727605603635311,0.10682610347867012,3.5313788839630436e-05,0.0,0.4467421770095825,1.0,0.0014326923076923067,4.317307692307693e-05,0,0.75,0.75,0.0
595,1907200,-861.8445358276367,-8.618445100784301,-861.8445358276367,-8.618445100784301,0.0,861.8445358276367,8.618445100784301,-52.599778175354004,-0.5259972476959227,4.873279528617859,0.0,0.0,nan,nan,nan,nan,nan,nan,nan,nan,nan,nan,19072,-4.1397095029971356e-05,0.07521129921078681,1.488833475112915,0.035452685132622716,0.025433560833334923,0.025433560833334923,0.12249915823340415,2.104634166926189e-05,0.0,0.38774174451828003,1.0,0.00141826923076923,4.206730769230763e-05,0,0.75,0.75,0.0
596,1910400,-883.9477739334106,-8.839477806091308,-883.9477739334106,-8.839477806091308,0.0,883.9477739334106,8.839477806091308,-74.70301628112793,-0.7470299530029294,4.321645874977111,0.0,0.0,nan,nan,nan,nan,nan,nan,nan,nan,nan,nan,19104,-9.821701009062877e-05,0.08239524737000466,1.485297977924347,0.03901427686214447,0.029298330657184124,0.029298330657184124,0.11591358557343483,1.9535715921392693e-05,0.0,0.53475022315979,1.0,0.001403846153846153,4.0961538461538436e-05,0,0.75,0.75,0.0
597,1913600,-794.3350925445557,-7.943350887298584,-794.3350925445557,-7.943350887298584,0.0,794.3350925445557,7.943350887298584,14.90966510772705,0.14909696578979492,4.209093112945556,0.0,0.0,nan,nan,nan,nan,nan,nan,nan,nan,nan,nan,19136,-8.854207925228508e-05,0.0387507725507021,1.5047755241394043,0.01719607450067997,0.04877479858696461,0.04877479858696461,0.09871087446808816,1.462152185922605e-05,0.0,0.590646505355835,1.0,0.0013894230769230763,3.985576923076924e-05,0,0.75,0.75,0.0
598,1916800,-817.7660074234009,-8.177660236358642,-817.7660074234009,-8.177660236358642,0.0,817.7660074234009,8.177660236358642,-8.521249771118164,-0.08521238327026381,3.982888605594635,0.0,0.0,nan,nan,nan,nan,nan,nan,nan,nan,nan,nan,19168,-4.374926092394204e-05,0.03099409807473421,1.4936540007591248,0.013399525359272958,0.02648136708885431,0.02648136708885431,0.10425786897540093,1.3232916205652146e-05,0.0,0.6158206462860107,1.0,0.0013749999999999995,3.875000000000005e-05,0,0.75,0.75,0.0
599,1920000,-793.6429643630981,-7.936429381370544,-793.6429643630981,-7.936429381370544,0.0,793.6429643630981,7.936429381370544,15.60179328918457,0.15601847171783412,3.6958952164649963,0.0,0.0,nan,nan,nan,nan,nan,nan,nan,nan,nan,nan,19200,-8.682422699166637e-05,0.053387401252985,1.4990743041038512,0.024567270651459694,0.03786923550069332,0.03786923550069332,0.1214239776134491,1.6315546648115743e-05,0.0,0.5226848125457764,1.0,0.0013605769230769227,3.7644230769230745e-05,0,0.75,0.75,0.0
600,1923200,-831.7768306732178,-8.317768268585205,-831.7768306732178,-8.317768268585205,0.0,831.7768306732178,8.317768268585205,-22.53207302093506,-0.22532041549682624,3.989494619369507,0.0,0.0,-744.1721529960632,-7.441721529960632,-744.1721529960632,-7.441721529960632,100.0,4.16839164018631,0.0,0.0,744.1721529960632,60.49032783508301,19232,-0.0001307119108285626,0.06521761044859886,1.491285252571106,0.030470593832433224,0.03968423083424568,0.03968423083424568,0.12310486435890197,2.785493174428666e-05,3.1250001484295353e-06,0.4886184334754944,1.0,0.0013461538461538459,3.653846153846155e-05,0,0.75,0.75,0.0
601,1926400,-800.3833751678467,-8.003833360671997,-800.3833751678467,-8.003833360671997,0.0,800.3833751678467,8.003833360671997,8.861382484436035,0.0886144924163812,4.114433355331421,0.0,0.0,nan,nan,nan,nan,nan,nan,nan,nan,nan,nan,19264,-4.6108841026271107e-05,0.03689897768199444,1.496120274066925,0.0164109505712986,0.03542514480650425,0.03542514480650425,0.09839879646897316,1.1278124668478995e-05,0.0,0.6914539337158203,1.0,0.001331730769230769,3.543269230769236e-05,0,0.75,0.75,0.0
602,1929600,-827.3180713653564,-8.273180656433105,-827.3180713653564,-8.273180656433105,0.0,827.3180713653564,8.273180656433105,-18.07331371307373,-0.18073280334472663,4.330865578651428,0.0,0.0,nan,nan,nan,nan,nan,nan,nan,nan,nan,nan,19296,-6.069235776013926e-05,0.046558574214577673,1.4857587218284607,0.021261393278837203,0.03241803720593452,0.03241803720593452,0.1299447759985924,1.017598826251742e-05,0.0,0.5688036680221558,1.0,0.0013173076923076905,3.4326923076923054e-05,0,0.75,0.75,0.0
603,1932800,-821.9665842056274,-8.219665718078613,-821.9665842056274,-8.219665718078613,0.0,821.9665842056274,8.219665718078613,-12.721826553344727,-0.12721786499023402,4.47597424030304,0.0,0.0,nan,nan,nan,nan,nan,nan,nan,nan,nan,nan,19328,-9.584249363827623e-05,0.04043013975024223,1.484878170490265,0.018184602633118628,0.04146901741623878,0.04146901741623878,0.10654944702982902,9.469215052604341e-06,0.0,0.5368249416351318,1.0,0.0013028846153846137,3.322115384615386e-05,0,0.75,0.75,0.0
604,1936000,-844.3550319671631,-8.443549938201905,-844.3550319671631,-8.443549938201905,0.0,844.3550319671631,8.443549938201905,-35.11027431488037,-0.35110208511352603,4.457763590812683,0.0,0.0,nan,nan,nan,nan,nan,nan,nan,nan,nan,nan,19360,-0.00014337071225165588,0.04569838494062424,1.4919492244720458,0.020783502794802188,0.0442290686070919,0.0442290686070919,0.12469858676195145,2.2442655739496332e-05,0.0,0.5548640489578247,1.0,0.001288461538461537,3.2115384615384666e-05,0,0.75,0.75,0.0
605,1939200,-795.8563985824585,-7.95856397151947,-795.8563985824585,-7.95856397151947,0.0,795.8563985824585,7.95856397151947,13.388359069824219,0.1338838815689085,3.7192054843902587,0.0,0.0,nan,nan,nan,nan,nan,nan,nan,nan,nan,nan,19392,-6.009678899552284e-05,0.05738033689558506,1.4941098809242248,0.026726518012583255,0.039328747615218165,0.039328747615218165,0.13714859932661055,1.3498491898644716e-05,0.0,0.5045269131660461,1.0,0.0012740384615384601,3.1009615384615364e-05,0,0.75,0.75,0.0
606,1942400,-887.6174087524414,-8.876174039840699,-887.6174087524414,-8.876174039840699,0.0,887.6174087524414,8.876174039840699,-78.37265110015869,-0.78372618675232,4.95671233177185,0.0,0.0,nan,nan,nan,nan,nan,nan,nan,nan,nan,nan,19424,-6.160598957105634e-05,0.07512625604867935,1.5005764007568358,0.03561137318611145,0.03969729021191597,0.03969729021191597,0.1375577062368393,1.5148933761111038e-05,0.0,0.37600868940353394,1.0,0.0012596153846153833,2.990384615384617e-05,0,0.75,0.75,0.0
607,1945600,-827.6666774749756,-8.276666593551635,-827.6666774749756,-8.276666593551635,0.0,827.6666774749756,8.276666593551635,-18.42191982269287,-0.18421874046325648,4.826256895065308,0.0,0.0,nan,nan,nan,nan,nan,nan,nan,nan,nan,nan,19456,-8.130077116438316e-05,0.05918377600610256,1.4817814230918884,0.027665484137833117,0.033152437582612035,0.033152437582612035,0.10959084331989288,1.5540383299139648e-05,0.0,0.463949978351593,1.0,0.0012451923076923065,2.8798076923076976e-05,0,0.75,0.75,0.0
608,1948800,-845.7186946868896,-8.45718671798706,-845.7186946868896,-8.45718671798706,0.0,845.7186946868896,8.45718671798706,-36.473937034606934,-0.36473886489868157,4.409472141265869,0.0,0.0,nan,nan,nan,nan,nan,nan,nan,nan,nan,nan,19488,-5.6080734922758777e-05,0.05355926565825939,1.4974649786949157,0.0248805183917284,0.03776675797998905,0.03776675797998905,0.15613889545202256,1.0774054658213572e-05,0.0,0.4936542510986328,1.0,0.0012307692307692297,2.769230769230778e-05,0,0.75,0.75,0.0
609,1952000,-790.467363357544,-7.904673538208008,-790.467363357544,-7.904673538208008,0.0,790.467363357544,7.904673538208008,18.77739429473877,0.18777431488037077,4.011487090587616,0.0,0.0,nan,nan,nan,nan,nan,nan,nan,nan,nan,nan,19520,-5.776312364504932e-05,0.04312053024768829,1.5059887528419496,0.019670698046684264,0.02891039624810219,0.02891039624810219,0.12443324252963066,8.533884793848756e-06,0.0,0.5186014175415039,1.0,0.001216346153846153,2.658653846153848e-05,0,0.75,0.75,0.0
610,1955200,-794.7299432754517,-7.947299280166626,-794.7299432754517,-7.947299280166626,0.0,794.7299432754517,7.947299280166626,14.514814376831055,0.14514857292175254,3.9039755725860594,0.0,0.0,nan,nan,nan,nan,nan,nan,nan,nan,nan,nan,19552,-6.586196431284108e-05,0.051202813535928725,1.5008047461509704,0.023731692880392074,0.04475077353417874,0.04475077353417874,0.12791163921356202,7.708177335530308e-06,0.0,0.37088048458099365,1.0,0.0012019230769230761,2.5480769230769285e-05,0,0.75,0.75,0.0
611,1958400,-802.3707160949707,-8.023706798553468,-802.3707160949707,-8.023706798553468,0.0,802.3707160949707,8.023706798553468,6.874041557312012,0.06874105453491097,4.278964147567749,0.0,0.0,nan,nan,nan,nan,nan,nan,nan,nan,nan,nan,19584,-8.542416002379482e-05,0.04152177721261978,1.5031358480453492,0.01889049056917429,0.03817750588059425,0.03817750588059425,0.10947549864649772,1.1718872536903291e-05,0.0,0.3923381567001343,1.0,0.0011874999999999993,2.437500000000009e-05,0,0.75,0.75,0.0
612,1961600,-839.7291412353516,-8.397291612625121,-839.7291412353516,-8.397291612625121,0.0,839.7291412353516,8.397291612625121,-30.484383583068848,-0.3048437595367428,4.337855195999145,0.0,0.0,nan,nan,nan,nan,nan,nan,nan,nan,nan,nan,19616,-3.359909079700962e-05,0.05437030158936977,1.4900139212608337,0.025403651036322118,0.027785190008580686,0.027785190008580686,0.10488874316215516,7.558464201906645e-06,0.0,0.4483662247657776,1.0,0.0011730769230769225,2.326923076923079e-05,0,0.75,0.75,0.0
613,1964800,-786.8926429748535,-7.868926639556885,-786.8926429748535,-7.868926639556885,0.0,786.8926429748535,7.868926639556885,22.3521146774292,0.22352121353149368,3.3144399976730345,0.0,0.0,nan,nan,nan,nan,nan,nan,nan,nan,nan,nan,19648,-4.723246123612412e-05,0.048178112506866454,1.506704831123352,0.022296074591577054,0.036212841793894765,0.036212841793894765,0.10711953043937683,5.678315379498145e-06,0.0,0.48048561811447144,1.0,0.0011586538461538457,2.2163461538461595e-05,0,0.75,0.75,0.0
614,1968000,-856.3149929046631,-8.563150129318238,-856.3149929046631,-8.563150129318238,0.0,856.3149929046631,8.563150129318238,-47.07023525238037,-0.4707022762298596,4.471406583786011,0.0,0.0,nan,nan,nan,nan,nan,nan,nan,nan,nan,nan,19680,-4.5089960673472265e-05,0.05304882004857063,1.4976239204406738,0.02476569302380085,0.03736499734222889,0.03736499734222889,0.13693197220563888,5.550660040398725e-06,0.0,0.31928181648254395,1.0,0.001144230769230769,2.10576923076924e-05,0,0.75,0.75,0.0
615,1971200,-836.8416872024536,-8.368416633605957,-836.8416872024536,-8.368416633605957,0.0,836.8416872024536,8.368416633605957,-27.5969295501709,-0.27596878051757834,4.355296597480774,0.0,0.0,nan,nan,nan,nan,nan,nan,nan,nan,nan,nan,19712,-5.953979631394546e-05,0.05137073360383511,1.4910432696342468,0.023941234685480595,0.050958366319537166,0.050958366319537166,0.1145652711391449,6.346467345963447e-06,0.0,0.49585407972335815,1.0,0.0011298076923076904,1.9951923076923098e-05,0,0.75,0.75,0.0
616,1974400,-925.6795406341553,-9.256795434951782,-925.6795406341553,-9.256795434951782,0.0,925.6795406341553,9.256795434951782,-116.43478298187256,-1.164347581863403,4.49940182685852,0.0,0.0,nan,nan,nan,nan,nan,nan,nan,nan,nan,nan,19744,-4.1296816491609437e-05,0.058755362406373024,1.4933424115180969,0.027670733630657196,0.035889444127678874,0.035889444127678874,0.1347061276435852,7.253425843600781e-06,0.0,0.5701138973236084,1.0,0.0011153846153846136,1.8846153846153796e-05,0,0.75,0.75,0.0
617,1977600,-847.5712537765503,-8.47571228981018,-847.5712537765503,-8.47571228981018,0.0,847.5712537765503,8.47571228981018,-38.32649612426758,-0.3832644367218023,4.103037190437317,0.0,0.0,nan,nan,nan,nan,nan,nan,nan,nan,nan,nan,19776,-9.8714947415246e-05,0.0628788337111473,1.4935760259628297,0.029696332290768623,0.0600879080593586,0.0600879080593586,0.14647905379533768,8.910472395484703e-06,0.0,0.4763079881668091,1.0,0.0011009615384615368,1.77403846153846e-05,0,0.75,0.75,0.0
618,1980800,-825.6335620880127,-8.25633575439453,-825.6335620880127,-8.25633575439453,0.0,825.6335620880127,8.25633575439453,-16.38880443572998,-0.16388790130615227,4.485393590927124,0.0,0.0,nan,nan,nan,nan,nan,nan,nan,nan,nan,nan,19808,-4.572539410041543e-05,0.046903031319379805,1.4978259325027465,0.021778344735503198,0.03185110203921795,0.03185110203921795,0.10378237143158912,1.0253847017338558e-05,0.0,0.6641356945037842,1.0,0.00108653846153846,1.6634615384615407e-05,0,0.75,0.75,0.0
619,1984000,-737.8756427764893,-7.378756318092346,-737.8756427764893,-7.378756318092346,0.0,737.8756427764893,7.378756318092346,71.36911487579346,0.7136915349960322,3.120240705013275,0.0,0.0,nan,nan,nan,nan,nan,nan,nan,nan,nan,nan,19840,-5.709536010485294e-05,0.04463488757610321,1.5073525190353394,0.020644292794167997,0.04929639585316181,0.04929639585316181,0.11652037873864174,4.307622901933428e-06,0.0,0.45024573802948,1.0,0.0010721153846153832,1.5528846153846213e-05,0,0.75,0.75,0.0
620,1987200,-839.8805656433105,-8.398805723190307,-839.8805656433105,-8.398805723190307,0.0,839.8805656433105,8.398805723190307,-30.635807991027832,-0.3063578701019285,4.195580773353576,0.0,0.0,-739.0045216083527,-7.390045216083527,-739.0045216083527,-7.390045216083527,100.0,4.171840748786926,0.0,0.0,739.0045216083527,65.65795922279358,19872,-4.743991008506754e-05,0.0437209315598011,1.5016368508338929,0.020224756188690664,0.04447347857058048,0.04447347857058048,0.09668353125452996,5.058447524675103e-06,0.0,0.5462023019790649,1.0,0.0010576923076923064,1.4423076923076911e-05,0,0.75,0.75,0.0
621,1990400,-841.6990985870361,-8.416990966796876,-841.6990985870361,-8.416990966796876,0.0,841.6990985870361,8.416990966796876,-32.45434093475342,-0.3245431137084971,4.469196181297303,0.0,0.0,nan,nan,nan,nan,nan,nan,nan,nan,nan,nan,19904,-7.670965129218388e-05,0.0585494726896286,1.489389419555664,0.027644192427396776,0.050533875823020935,0.050533875823020935,0.12640151679515838,5.948680022527242e-06,0.0,0.46654367446899414,1.0,0.0010432692307692296,1.3317307692307717e-05,0,0.75,0.75,0.0
622,1993600,-766.8755807876587,-7.668756303787231,-766.8755807876587,-7.668756303787231,0.0,766.8755807876587,7.668756303787231,42.36917686462402,0.4236915493011475,3.730950195789337,0.0,0.0,nan,nan,nan,nan,nan,nan,nan,nan,nan,nan,19936,-3.990891001084407e-05,0.030137177370488644,1.5008131861686707,0.013484574016183614,0.031208890676498412,0.031208890676498412,0.08564105778932571,2.8044173774333103e-06,0.0,0.3341732621192932,1.0,0.0010288461538461528,1.2211538461538523e-05,0,0.75,0.75,0.0
623,1996800,-856.3127737045288,-8.563127899169922,-856.3127737045288,-8.563127899169922,0.0,856.3127737045288,8.563127899169922,-47.068016052246094,-0.4706800460815437,4.532992420196533,0.0,0.0,nan,nan,nan,nan,nan,nan,nan,nan,nan,nan,19968,-4.313867121386039e-05,0.046833138912916183,1.5017597079277039,0.021850011311471462,0.045155328884720805,0.045155328884720805,0.1280346170067787,3.0307027707010546e-06,0.0,0.6031571626663208,1.0,0.001014423076923076,1.110576923076922e-05,0,0.75,0.75,0.0
624,2000000,-849.7928342819214,-8.497927865982057,-849.7928342819214,-8.497927865982057,0.0,849.7928342819214,8.497927865982057,-40.54807662963867,-0.40548001289367797,4.310291991233826,0.0,0.0,-738.7567718029022,-7.387567718029022,-738.7567718029022,-7.387567718029022,100.0,4.168964675664902,0.0,0.0,738.7567718029022,65.90570902824402,20000,-2.6815963004755972e-05,0.059263034537434575,1.4983257055282593,0.028106375224888326,0.04179387912154198,0.04179387912154198,0.132699416577816,2.1368788232223324e-06,0.0,0.46540844440460205,1.0,0.0009999999999999992,1.0000000000000026e-05,0,0.75,0.75,0.0
